10 0 4042

10 1 1484

10 2 681

10 3 4609

10 4 9085

10 5 1905

10 6 381

10 7 1994

10 8 3252

10 9 3847

10 10 2806

10 11 2717

10 12 2038

10 13 2036

10 14 1392

10 15 68

10 16 6422

10 17 2278

10 18 678

10 19 1487

10 20 5397

10 21 840

10 22 1920

10 23 823

10 24 926

10 25 280

10 26 1199

10 27 2834

10 28 228

10 29 157

10 30 5180

10 31 3703

10 32 79

10 33 3562

10 34 6242

10 35 254

10 36 4423

10 37 1571

10 38 495

10 39 4106

10 40 492

10 41 492

10 42 488

10 43 1675

10 44 4182

10 45 2007

10 46 1103

10 47 623

10 48 3271

10 49 3293

10 50 2359

10 51 2281

10 52 736

10 53 306

10 54 7149

10 55 1967

10 56 1382

10 57 135

10 58 1622

10 59 2822

10 60 3129

10 61 856

10 62 704

10 63 2523

10 64 500

10 65 2845

10 66 1420

10 67 3935

10 68 931

10 69 3237

10 70 711

10 71 1115

10 72 998

10 73 235

10 74 1418

10 75 1670

10 76 3503

10 77 588

10 78 2097

10 79 2012

10 80 406

10 81 363

10 82 939

10 83 1318

10 84 2622

10 85 0

10 86 4552

10 87 2787

10 88 169

10 89 82

10 90 72

10 91 4086

10 92 880

10 93 1323

10 94 1563

10 95 2073

10 96 581

10 97 1099

10 98 6567

10 99 629

15 0 2090

15 1 9966

15 2 21436

15 3 4915

15 4 4805

15 5 2710

15 6 2559

15 7 1395

15 8 4853

15 9 4579

15 10 5599

15 11 2552

15 12 17549

15 13 14668

15 14 6200

15 15 2655

15 16 7881

15 17 17194

15 18 7738

15 19 9434

15 20 9438

15 21 5189

15 22 5089

15 23 3506

15 24 1231

15 25 10097

15 26 4679

15 27 1406

15 28 27296

15 29 7303

15 30 815

15 31 1627

15 32 8502

15 33 7644

15 34 14991

15 35 614

15 36 10396

15 37 44395

15 38 1550

15 39 14754

15 40 6300

15 41 3939

15 42 3472

15 43 5237

15 44 31282

15 45 7165

15 46 3223

15 47 38377

15 48 18624

15 49 1734

15 50 9528

15 51 1373

15 52 17266

15 53 10290

15 54 18571

15 55 16176

15 56 28347

15 57 11796

15 58 1114

15 59 6465

15 60 3395

15 61 1254

15 62 3922

15 63 819

15 64 5615

15 65 1886

15 66 9337

15 67 5382

15 68 11958

15 69 1255

15 70 2950

15 71 8586

15 72 26300

15 73 8482

15 74 1952

15 75 9403

15 76 2531

15 77 13629

15 78 4770

15 79 1819

15 80 21684

15 81 1099

15 82 3107

15 83 15538

15 84 24471

15 85 10364

15 86 18946

15 87 992

15 88 3623

15 89 3251

15 90 9320

15 91 2021

15 92 1306

15 93 12558

15 94 1698

15 95 15693

15 96 36

15 97 6402

15 98 18273

15 99 3292

20 0 38467

20 1 4684

20 2 6102

20 3 6636

20 4 6553

20 5 2203

20 6 16632

20 7 21405

20 8 2059

20 9 23741

20 10 12405

20 11 3508

20 12 7997

20 13 4776

20 14 14392

20 15 68263

20 16 18639

20 17 10809

20 18 8871

20 19 8985

20 20 72364

20 21 1407

20 22 4007

20 23 11077

20 24 5755

20 25 6622

20 26 46568

20 27 24484

20 28 9633

20 29 6253

20 30 13180

20 31 1307

20 32 19082

20 33 34339

20 34 14787

20 35 6356

20 36 13125

20 37 7987

20 38 53592

20 39 61069

20 40 22781

20 41 18640

20 42 17664

20 43 44316

20 44 2612

20 45 22323

20 46 11259

20 47 4226

20 48 3604

20 49 4970

20 50 5695

20 51 11255

20 52 16035

20 53 18591

20 54 79732

20 55 4583

20 56 1778

20 57 31420

20 58 23954

20 59 35863

20 60 38997

20 61 38328

20 62 7373

20 63 5868

20 64 33751

20 65 65321

20 66 2902

20 67 10174

20 68 9134

20 69 10301

20 70 24321

20 71 21038

20 72 23883

20 73 13699

20 74 32238

20 75 4407

20 76 64464

20 77 6447

20 78 2003

20 79 29815

20 80 18977

20 81 3542

20 82 21761

20 83 1208

20 84 23185

20 85 32054

20 86 5769

20 87 41748

20 88 3959

20 89 444

20 90 23616

20 91 4545

20 92 14551

20 93 2170

20 94 7218

20 95 42560

20 96 35106

20 97 32925

20 98 1053

20 99 17836

25 0 29136

25 1 89118

25 2 139397

25 3 4809

25 4 2463

25 5 5990

25 6 7622

25 7 18181

25 8 4168

25 9 93538

25 10 9783

25 11 4106

25 12 25658

25 13 74532

25 14 59026

25 15 71814

25 16 28781

25 17 36933

25 18 9525

25 19 8994

25 20 35111

25 21 37670

25 22 32698

25 23 77585

25 24 9714

25 25 62116

25 26 63593

25 27 55615

25 28 34541

25 29 15599

25 30 20840

25 31 35403

25 32 5403

25 33 23523

25 34 120969

25 35 37325

25 36 131839

25 37 24471

25 38 12475

25 39 54484

25 40 32295

25 41 14660

25 42 43539

25 43 4516

25 44 44794

25 45 8928

25 46 22919

25 47 49900

25 48 33718

25 49 74099

25 50 70678

25 51 11906

25 52 46704

25 53 66553

25 54 6939

25 55 20073

25 56 21227

25 57 27893

25 58 182315

25 59 69483

25 60 37904

25 61 14355

25 62 17194

25 63 6602

25 64 50270

25 65 72073

25 66 95658

25 67 4246

25 68 99642

25 69 44529

25 70 12414

25 71 24397

25 72 11989

25 73 34814

25 74 117123

25 75 13144

25 76 6907

25 77 19740

25 78 41990

25 79 50568

25 80 65000

25 81 35353

25 82 19112

25 83 14376

25 84 35185

25 85 82289

25 86 22355

25 87 15781

25 88 8190

25 89 576

25 90 26566

25 91 14225

25 92 50576

25 93 18572

25 94 35446

25 95 19694

25 96 14251

25 97 91565

25 98 26446

25 99 28225

30 0 57720

30 1 16092

30 2 69583

30 3 39350

30 4 108206

30 5 42452

30 6 44968

30 7 31145

30 8 57298

30 9 160357

30 10 2367

30 11 15739

30 12 7943

30 13 21485

30 14 23717

30 15 82875

30 16 7095

30 17 26625

30 18 77522

30 19 6579

30 20 86152

30 21 96139

30 22 14213

30 23 48682

30 24 77610

30 25 59783

30 26 134658

30 27 77895

30 28 70763

30 29 141558

30 30 23962

30 31 47735

30 32 12205

30 33 39339

30 34 47731

30 35 77341

30 36 43460

30 37 82386

30 38 20902

30 39 183383

30 40 59135

30 41 36625

30 42 60394

30 43 107116

30 44 67876

30 45 24876

30 46 61420

30 47 24682

30 48 53047

30 49 30913

30 50 42757

30 51 43047

30 52 23697

30 53 42852

30 54 42846

30 55 63256

30 56 185832

30 57 180389

30 58 9424

30 59 163787

30 60 384771

30 61 50981

30 62 19202

30 63 10139

30 64 48966

30 65 191077

30 66 53448

30 67 103646

30 68 56411

30 69 79301

30 70 59705

30 71 24738

30 72 50990

30 73 157112

30 74 21685

30 75 84634

30 76 39085

30 77 30389

30 78 29049

30 79 88605

30 80 48560

30 81 26988

30 82 169612

30 83 35114

30 84 366152

30 85 35526

30 86 111858

30 87 32902

30 88 11777

30 89 87605

30 90 125841

30 91 5582

30 92 156692

30 93 136396

30 94 86425

30 95 67469

30 96 246610

30 97 18888

30 98 35371

30 99 84533

35 0 81355

35 1 329568

35 2 18685

35 3 20156

35 4 11850

35 5 7168

35 6 68827

35 7 299285

35 8 100894

35 9 195653

35 10 125647

35 11 131661

35 12 23547

35 13 71788

35 14 349142

35 15 154138

35 16 152577

35 17 18513

35 18 31051

35 19 221844

35 20 59653

35 21 76337

35 22 197749

35 23 79686

35 24 61960

35 25 89714

35 26 145687

35 27 111212

35 28 35705

35 29 14780

35 30 342032

35 31 70674

35 32 152587

35 33 72895

35 34 95705

35 35 134724

35 36 181817

35 37 26868

35 38 93274

35 39 29180

35 40 75016

35 41 42312

35 42 22607

35 43 50955

35 44 44590

35 45 48686

35 46 146537

35 47 170024

35 48 251082

35 49 25768

35 50 169384

35 51 18306

35 52 110562

35 53 46058

35 54 5758

35 55 7862

35 56 36868

35 57 385187

35 58 59529

35 59 104752

35 60 175737

35 61 234199

35 62 213092

35 63 61376

35 64 94431

35 65 92710

35 66 5027

35 67 33866

35 68 111798

35 69 18387

35 70 103692

35 71 173094

35 72 48894

35 73 53217

35 74 57997

35 75 180928

35 76 14126

35 77 116676

35 78 50841

35 79 118565

35 80 168848

35 81 44326

35 82 285750

35 83 37208

35 84 29450

35 85 10115

35 86 41226

35 87 192424

35 88 136129

35 89 186840

35 90 119319

35 91 34660

35 92 25442

35 93 209691

35 94 78551

35 95 49532

35 96 126918

35 97 30411

35 98 286776

35 99 186612

40 0 56919

40 1 122165

40 2 38590

40 3 96290

40 4 139311

40 5 112448

40 6 297185

40 7 10330

40 8 152222

40 9 486264

40 10 137742

40 11 18589

40 12 523148

40 13 84462

40 14 4636

40 15 60477

40 16 329282

40 17 96892

40 18 83213

40 19 225787

40 20 1171627

40 21 6029

40 22 99576

40 23 81166

40 24 17598

40 25 138582

40 26 99098

40 27 119874

40 28 145331

40 29 224608

40 30 117279

40 31 81681

40 32 174648

40 33 128012

40 34 50339

40 35 369919

40 36 586711

40 37 74658

40 38 88318

40 39 82369

40 40 68085

40 41 59278

40 42 135087

40 43 3414

40 44 46311

40 45 155387

40 46 267708

40 47 168321

40 48 265285

40 49 105577

40 50 282907

40 51 227147

40 52 197285

40 53 234016

40 54 255708

40 55 293028

40 56 99337

40 57 522560

40 58 867754

40 59 372907

40 60 359174

40 61 154042

40 62 96972

40 63 180431

40 64 44712

40 65 296579

40 66 65873

40 67 502700

40 68 251762

40 69 260319

40 70 68296

40 71 169060

40 72 239342

40 73 485056

40 74 113519

40 75 69468

40 76 407601

40 77 72355

40 78 145374

40 79 46330

40 80 396463

40 81 264661

40 82 120347

40 83 529293

40 84 40176

40 85 20488

40 86 80212

40 87 142068

40 88 37591

40 89 123565

40 90 614060

40 91 224992

40 92 64904

40 93 255792

40 94 180978

40 95 39595

40 96 232839

40 97 43761

40 98 300076

40 99 65262

45 0 69564

45 1 472112

45 2 541780

45 3 30981

45 4 51704

45 5 225625

45 6 442572

45 7 8489

45 8 526341

45 9 428082

45 10 29317

45 11 120315

45 12 8211

45 13 646672

45 14 649839

45 15 323666

45 16 165573

45 17 328464

45 18 247046

45 19 155371

45 20 280456

45 21 54515

45 22 243392

45 23 365175

45 24 80398

45 25 442731

45 26 36695

45 27 358775

45 28 138303

45 29 75378

45 30 231629

45 31 857409

45 32 268650

45 33 85783

45 34 178463

45 35 1442086

45 36 144749

45 37 108107

45 38 262395

45 39 60747

45 40 185626

45 41 429660

45 42 23769

45 43 164166

45 44 293160

45 45 280239

45 46 161886

45 47 336859

45 48 186750

45 49 6955

45 50 1002353

45 51 578308

45 52 100827

45 53 141038

45 54 396254

45 55 137082

45 56 175902

45 57 184774

45 58 104534

45 59 245586

45 60 446698

45 61 160573

45 62 104340

45 63 23896

45 64 333450

45 65 511737

45 66 115949

45 67 329097

45 68 244162

45 69 124724

45 70 206623

45 71 97986

45 72 107102

45 73 16942

45 74 104957

45 75 559511

45 76 437333

45 77 141468

45 78 194896

45 79 450180

45 80 244867

45 81 500624

45 82 234724

45 83 591429

45 84 372022

45 85 275948

45 86 185102

45 87 169637

45 88 325040

45 89 471916

45 90 40734

45 91 358227

45 92 92904

45 93 38968

45 94 45470

45 95 182536

45 96 227887

45 97 1001977

45 98 147425

45 99 428652

50 0 306165

50 1 293285

50 2 134400

50 3 166218

50 4 189457

50 5 80863

50 6 339478

50 7 622552

50 8 17896

50 9 346204

50 10 120747

50 11 95967

50 12 420939

50 13 270909

50 14 137344

50 15 43591

50 16 288895

50 17 107134

50 18 89429

50 19 280549

50 20 955570

50 21 220296

50 22 1089003

50 23 246543

50 24 93704

50 25 288382

50 26 962319

50 27 68441

50 28 161610

50 29 365114

50 30 107807

50 31 341236

50 32 93959

50 33 1013534

50 34 268729

50 35 327031

50 36 237331

50 37 289105

50 38 175289

50 39 985877

50 40 102772

50 41 671543

50 42 98722

50 43 1107074

50 44 292896

50 45 269904

50 46 527573

50 47 56885

50 48 379950

50 49 386183

50 50 208311

50 51 174686

50 52 214131

50 53 280890

50 54 800776

50 55 437485

50 56 359735

50 57 168200

50 58 36363

50 59 899989

50 60 775136

50 61 267657

50 62 169304

50 63 1287286

50 64 26001

50 65 197140

50 66 174782

50 67 780072

50 68 320376

50 69 105442

50 70 156597

50 71 36011

50 72 205150

50 73 131385

50 74 187046

50 75 317961

50 76 135338

50 77 169223

50 78 653823

50 79 369824

50 80 314482

50 81 263100

50 82 53292

50 83 276267

50 84 145457

50 85 160348

50 86 58551

50 87 441331

50 88 401583

50 89 595611

50 90 332289

50 91 644553

50 92 121260

50 93 205364

50 94 434892

50 95 465232

50 96 156395

50 97 269014

50 98 17905

50 99 458280

