2 0 37772

2 1 28596

2 2 14274

2 3 11595

2 4 20744

2 5 20609

2 6 65507

2 7 67125

2 8 8508

2 9 38292

2 10 20332

2 11 33499

2 12 35009

2 13 11244

2 14 11174

2 15 168918

2 16 10543

2 17 34898

2 18 9976

2 19 29589

2 20 40096

2 21 33408

2 22 29000

2 23 17063

2 24 62899

2 25 54796

2 26 12475

2 27 23898

2 28 22413

2 29 57829

2 30 17374

2 31 5350

2 32 17113

2 33 58464

2 34 23124

2 35 14944

2 36 12615

2 37 62616

2 38 11271

2 39 79800

2 40 16816

2 41 96890

2 42 23336

2 43 77498

2 44 44425

2 45 62167

2 46 22456

2 47 21431

2 48 10989

2 49 48323

2 50 28622

2 51 32222

2 52 38865

2 53 25907

2 54 31257

2 55 54699

2 56 36575

2 57 10923

2 58 24075

2 59 32626

2 60 86491

2 61 23976

2 62 33153

2 63 114236

2 64 65503

2 65 14808

2 66 54892

2 67 3965

2 68 26359

2 69 36218

2 70 16862

2 71 50140

2 72 43753

2 73 19425

2 74 66070

2 75 51507

2 76 17770

2 77 26657

2 78 30243

2 79 8324

2 80 73991

2 81 36580

2 82 12587

2 83 12135

2 84 5294

2 85 30919

2 86 12124

2 87 48615

2 88 33742

2 89 17426

2 90 22305

2 91 9995

2 92 62347

2 93 30997

2 94 59135

2 95 31042

2 96 17040

2 97 56587

2 98 5237

2 99 33957

3 0 817265

3 1 1492277

3 2 672835

3 3 4051873

3 4 1442134

3 5 2691040

3 6 1333770

3 7 8356875

3 8 376973

3 9 1861639

3 10 3220642

3 11 1140286

3 12 6552812

3 13 5066696

3 14 4528362

3 15 10446888

3 16 4284683

3 17 655070

3 18 3911656

3 19 5015157

3 20 456619

3 21 1445618

3 22 1059109

3 23 6727371

3 24 791804

3 25 1527861

3 26 8719793

3 27 769585

3 28 4124298

3 29 4071623

3 30 2775400

3 31 3627303

3 32 1406148

3 33 1892524

3 34 4444944

3 35 3641795

3 36 467070

3 37 9447286

3 38 3035889

3 39 6807624

3 40 4088729

3 41 1289576

3 42 1913425

3 43 640053

3 44 1996308

3 45 4598352

3 46 1299312

3 47 1381307

3 48 720148

3 49 2770889

3 50 1947614

3 51 273084

3 52 2229349

3 53 790282

3 54 14058749

3 55 750685

3 56 4124712

3 57 1258507

3 58 3857947

3 59 934452

3 60 5361466

3 61 1181575

3 62 9482185

3 63 399022

3 64 267124

3 65 7873579

3 66 1323443

3 67 3098617

3 68 628707

3 69 414912

3 70 1523068

3 71 2750474

3 72 6723954

3 73 2282513

3 74 5527933

3 75 4031204

3 76 870689

3 77 212482

3 78 159342

3 79 17638002

3 80 10198705

3 81 1630308

3 82 722260

3 83 2185980

3 84 10052397

3 85 3428724

3 86 5886495

3 87 2233328

3 88 2867565

3 89 1133143

3 90 195709

3 91 484272

3 92 2337876

3 93 3354980

3 94 955609

3 95 4761492

3 96 1025662

3 97 3379772

3 98 2131105

3 99 1518104

