10 0 10

10 1 88

10 2 201

10 3 130

10 4 19

10 5 319

10 6 79

10 7 127

10 8 538

10 9 84

10 10 365

10 11 166

10 12 136

10 13 110

10 14 219

10 15 347

10 16 61

10 17 49

10 18 320

10 19 145

10 20 439

10 21 284

10 22 632

10 23 191

10 24 97

10 25 106

10 26 246

10 27 280

10 28 245

10 29 20

10 30 251

10 31 226

10 32 120

10 33 91

10 34 112

10 35 630

10 36 60

10 37 61

10 38 78

10 39 832

10 40 208

10 41 48

10 42 120

10 43 151

10 44 22

10 45 357

10 46 323

10 47 20

10 48 197

10 49 518

10 50 699

10 51 364

10 52 228

10 53 99

10 54 350

10 55 508

10 56 196

10 57 155

10 58 225

10 59 242

10 60 707

10 61 288

10 62 279

10 63 63

10 64 474

10 65 22

10 66 413

10 67 45

10 68 130

10 69 117

10 70 273

10 71 66

10 72 362

10 73 135

10 74 329

10 75 15

10 76 327

10 77 200

10 78 4

10 79 711

10 80 420

10 81 358

10 82 149

10 83 96

10 84 546

10 85 699

10 86 911

10 87 235

10 88 571

10 89 17

10 90 641

10 91 268

10 92 305

10 93 697

10 94 384

10 95 21

10 96 366

10 97 154

10 98 68

10 99 187

15 0 1064

15 1 183

15 2 103

15 3 276

15 4 285

15 5 1286

15 6 739

15 7 387

15 8 165

15 9 586

15 10 181

15 11 561

15 12 246

15 13 673

15 14 389

15 15 574

15 16 1560

15 17 651

15 18 966

15 19 1125

15 20 261

15 21 566

15 22 1368

15 23 240

15 24 2121

15 25 265

15 26 1885

15 27 759

15 28 682

15 29 1117

15 30 1414

15 31 2061

15 32 904

15 33 501

15 34 323

15 35 170

15 36 823

15 37 497

15 38 711

15 39 386

15 40 341

15 41 456

15 42 1462

15 43 473

15 44 354

15 45 143

15 46 344

15 47 161

15 48 729

15 49 73

15 50 114

15 51 264

15 52 472

15 53 694

15 54 502

15 55 360

15 56 173

15 57 1543

15 58 851

15 59 197

15 60 1812

15 61 532

15 62 715

15 63 194

15 64 309

15 65 744

15 66 518

15 67 182

15 68 2298

15 69 1406

15 70 401

15 71 631

15 72 149

15 73 196

15 74 743

15 75 244

15 76 1508

15 77 326

15 78 2568

15 79 1290

15 80 1604

15 81 142

15 82 484

15 83 618

15 84 1020

15 85 630

15 86 569

15 87 729

15 88 630

15 89 362

15 90 1248

15 91 397

15 92 340

15 93 485

15 94 1339

15 95 167

15 96 1010

15 97 299

15 98 2143

15 99 745

20 0 1664

20 1 1820

20 2 457

20 3 576

20 4 1642

20 5 1231

20 6 460

20 7 588

20 8 1160

20 9 2008

20 10 790

20 11 1035

20 12 1361

20 13 1171

20 14 591

20 15 2665

20 16 495

20 17 1391

20 18 586

20 19 1555

20 20 1065

20 21 2323

20 22 570

20 23 439

20 24 1617

20 25 1437

20 26 1823

20 27 1669

20 28 2492

20 29 603

20 30 1133

20 31 564

20 32 979

20 33 1923

20 34 55

20 35 436

20 36 1872

20 37 1997

20 38 256

20 39 1590

20 40 956

20 41 504

20 42 311

20 43 2501

20 44 313

20 45 196

20 46 610

20 47 388

20 48 855

20 49 1864

20 50 1803

20 51 477

20 52 1052

20 53 1013

20 54 2050

20 55 3439

20 56 419

20 57 1376

20 58 885

20 59 1545

20 60 1140

20 61 1042

20 62 897

20 63 796

20 64 2877

20 65 797

20 66 4090

20 67 361

20 68 2289

20 69 2545

20 70 778

20 71 494

20 72 1011

20 73 1134

20 74 481

20 75 371

20 76 217

20 77 923

20 78 3443

20 79 3684

20 80 965

20 81 2879

20 82 1432

20 83 829

20 84 614

20 85 1251

20 86 519

20 87 76

20 88 840

20 89 2965

20 90 264

20 91 2621

20 92 660

20 93 1034

20 94 1116

20 95 315

20 96 790

20 97 1688

20 98 760

20 99 368

25 0 60012

25 1 38384

25 2 25843

25 3 132951

25 4 36608

25 5 52318

25 6 1835

25 7 26753

25 8 56825

25 9 25222

25 10 180837

25 11 26319

25 12 33059

25 13 26732

25 14 12816

25 15 57966

25 16 42291

25 17 38651

25 18 3656

25 19 61555

25 20 37408

25 21 2630

25 22 4728

25 23 55046

25 24 19691

25 25 14579

25 26 22585

25 27 4047

25 28 125382

25 29 61726

25 30 26656

25 31 43610

25 32 27524

25 33 10505

25 34 114761

25 35 49694

25 36 32818

25 37 40859

25 38 5281

25 39 35157

25 40 23911

25 41 16386

25 42 3923

25 43 87378

25 44 14437

25 45 28048

25 46 16579

25 47 39792

25 48 87365

25 49 7795

25 50 36982

25 51 13336

25 52 20357

25 53 5808

25 54 42731

25 55 31231

25 56 27432

25 57 19903

25 58 30146

25 59 3868

25 60 86278

25 61 76705

25 62 79647

25 63 103642

25 64 64234

25 65 5595

25 66 87136

25 67 3356

25 68 2739

25 69 40306

25 70 20984

25 71 31845

25 72 104174

25 73 33205

25 74 39100

25 75 59354

25 76 30918

25 77 77819

25 78 34594

25 79 41587

25 80 143217

25 81 21312

25 82 11226

25 83 20955

25 84 24112

25 85 20505

25 86 56563

25 87 2496

25 88 33495

25 89 18271

25 90 5328

25 91 10049

25 92 91048

25 93 10889

25 94 6376

25 95 6169

25 96 77825

25 97 72265

25 98 28342

25 99 85281

30 0 5002

30 1 24686

30 2 115752

30 3 3226

30 4 89059

30 5 51692

30 6 125399

30 7 13157

30 8 24330

30 9 53613

30 10 27199

30 11 174137

30 12 46156

30 13 74782

30 14 21828

30 15 7867

30 16 115388

30 17 333701

30 18 234127

30 19 104379

30 20 42326

30 21 134469

30 22 44215

30 23 35835

30 24 21654

30 25 101981

30 26 56368

