10 2	129 
10 4	425 
10 3	154 
10 6	356 
10 7	260 
10 8	250 
10 9	210 
10 5	218 
10 11	406 
10 12	331 
10 13	28 
10 14	96 
10 15	180 
10 16	230 
10 17	81 
10 18	161 
10 19	274 
10 20	1483 
10 21	128 
10 22	276 
10 23	227 
10 10	132 
10 25	557 
10 24	566 
10 27	215 
10 28	95 
10 29	54 
10 30	185 
10 31	275 
10 32	509 
10 26	561 
10 34	73 
10 35	323 
10 36	59 
10 33	307 
10 38	226 
10 39	123 
10 40	321 
10 41	525 
10 42	51 
10 37	444 
10 44	1258 
10 45	248 
10 46	301 
10 47	119 
10 48	226 
10 49	192 
10 50	100 
10 51	182 
10 52	198 
10 53	357 
10 54	208 
10 55	369 
10 56	70 
10 57	56 
10 58	308 
10 59	445 
10 60	65 
10 43	573 
10 61	1399 
10 62	1095 
10 64	674 
10 65	169 
10 66	139 
10 67	363 
10 68	123 
10 69	325 
10 70	360 
10 71	238 
10 72	122 
10 73	8 
10 74	146 
10 75	222 
10 76	238 
10 77	64 
10 78	154 
10 79	237 
10 80	336 
10 81	334 
10 82	36 
10 83	366 
10 63	196 
10 85	108 
10 86	108 
10 87	174 
10 88	55 
10 89	95 
10 90	22 
10 84	272 
10 92	244 
10 93	336 
10 94	89 
10 91	128 
10 96	515 
10 97	275 
10 98	183 
10 99	297 
10 100	356 
15 1	249 
15 2	482 
10 95	157 
15 3	1193 
15 5	191 
15 4	1454 
15 6	375 
15 7	311 
15 8	874 
15 10	194 
15 11	497 
15 9	560 
15 12	162 
15 13	693 
15 14	1880 
15 16	186 
15 15	1186 
15 17	316 
15 18	589 
15 20	223 
15 21	810 
15 22	553 
15 23	279 
15 24	2523 
15 25	95 
15 26	931 
15 27	334 
15 28	260 
15 19	3451 
15 30	212 
15 31	471 
15 29	1558 
15 32	1183 
15 34	983 
15 35	796 
15 33	1553 
15 37	321 
15 38	321 
15 39	149 
15 36	359 
15 40	1173 
15 42	392 
15 43	878 
15 44	43 
15 41	540 
15 45	799 
15 46	395 
15 47	307 
15 48	1499 
15 50	279 
15 51	240 
15 52	427 
15 49	1123 
15 53	1483 
15 54	1842 
15 55	1375 
15 56	411 
15 58	242 
15 57	92 
15 59	2484 
15 60	2015 
15 61	646 
15 63	416 
15 64	412 
15 65	74 
15 66	921 
15 62	923 
15 67	290 
15 69	448 
15 68	624 
15 71	272 
15 70	946 
15 72	695 
15 73	564 
15 74	836 
15 76	196 
15 75	1477 
15 77	1271 
15 79	185 
15 78	1669 
15 80	1186 
15 81	787 
15 83	215 
15 84	245 
15 82	1356 
15 86	236 
15 87	154 
15 88	228 
15 89	288 
15 90	341 
15 85	1435 
15 92	603 
15 91	689 
15 94	339 
15 95	173 
15 93	1724 
15 97	286 
15 98	213 
15 99	648 
15 100	620 
15 96	2621 
20 1	524 
20 3	1370 
20 2	1199 
20 4	1193 
20 5	5711 
20 6	1707 
20 8	299 
20 7	904 
20 9	1105 
20 11	1169 
20 10	2658 
20 12	297 
20 13	903 
20 14	476 
20 15	1140 
20 17	754 
20 16	363 
20 19	2010 
20 20	575 
20 18	4843 
20 22	745 
20 21	1221 
20 23	779 
20 24	1272 
20 26	944 
20 27	195 
20 25	1842 
20 28	1525 
20 30	448 
20 31	372 
20 29	1677 
20 32	2583 
20 34	739 
20 35	702 
20 36	982 
20 33	708 
20 37	877 
20 38	2714 
20 39	849 
20 40	616 
20 41	2972 
20 42	1153 
20 43	4184 
20 44	1253 
20 46	334 
20 45	2430 
20 47	2452 
20 49	328 
20 48	7060 
20 50	2532 
20 52	1268 
20 51	778 
20 53	705 
20 54	829 
20 55	648 
20 56	1164 
20 57	1341 
20 59	660 
20 60	613 
20 61	197 
20 58	964 
20 63	748 
20 62	2220 
20 65	268 
20 66	346 
20 67	413 
20 68	646 
20 69	542 
20 70	310 
20 71	592 
20 72	607 
20 64	1247 
20 74	353 
20 73	2148 
20 76	531 
20 77	1476 
20 75	901 
20 78	3580 
20 79	1260 
20 81	729 
20 80	3258 
20 83	998 
20 82	831 
20 85	309 
20 86	1858 
20 84	1618 
20 88	146 
20 89	543 
20 90	681 
20 91	702 
20 87	2281 
20 92	454 
20 93	2525 
20 94	1092 
20 96	428 
20 95	2700 
20 97	619 
20 98	1418 
20 100	190 
20 99	2090 
25 1	3032 
25 2	1180 
25 3	3938 
25 4	1241 
25 5	528 
25 6	1543 
25 7	2027 
25 8	1668 
25 9	384 
25 10	1908 
25 12	472 
25 11	788 
25 14	805 
25 13	875 
25 16	553 
25 17	537 
25 15	4444 
25 18	1348 
25 20	889 
25 21	1199 
25 19	890 
25 22	2468 
25 23	1338 
25 24	2543 
25 26	719 
25 25	1648 
25 28	509 
25 27	613 
25 30	491 
25 31	520 
25 29	290 
25 32	1100 
25 34	502 
25 35	794 
25 33	4306 
25 36	3589 
25 37	1323 
25 38	1822 
25 40	1416 
25 39	1311 
25 42	246 
25 43	874 
25 41	912 
25 44	2537 
25 46	793 
25 47	655 
25 45	757 
25 48	2767 
25 50	442 
25 49	2153 
25 52	510 
25 51	959 
25 53	433 
25 54	2133 
25 55	806 
25 56	1976 
25 57	6071 
25 58	1141 
25 59	2646 
25 61	635 
25 60	1858 
25 62	1423 
25 63	1959 
25 64	826 
25 66	1335 
25 67	1172 
25 65	2628 
25 68	2509 
25 69	1860 
25 70	2640 
25 71	2484 
25 73	1003 
25 74	636 
25 72	3459 
25 75	1879 
25 77	529 
25 78	1747 
25 76	501 
25 80	1500 
25 79	8622 
25 82	1387 
25 83	1408 
25 81	3119 
25 84	1394 
25 86	67 
25 85	1441 
25 87	1319 
25 88	450 
25 89	1811 
25 90	2491 
25 91	321 
25 92	645 
25 94	717 
25 95	866 
25 96	790 
25 97	747 
25 93	3777 
25 98	2760 
25 99	745 
25 100	4945 
30 2	3406 
30 3	1793 
30 1	1380 
30 4	762 
30 6	3147 
30 5	3995 
30 7	1394 
30 8	2000 
30 9	1412 
30 10	2938 
30 11	3561 
30 12	2208 
30 14	607 
30 15	928 
30 13	5769 
30 16	4699 
30 17	5181 
30 18	1426 
30 19	3859 
30 20	1696 
30 21	5463 
10 1	273 
30 23	1173 
30 24	2592 
30 25	1799 
30 27	357 
30 26	2009 
30 29	1119 
30 30	1250 
30 28	6869 
30 22	7211 
30 32	3961 
30 33	789 
30 34	1993 
30 35	2540 
30 36	1599 
30 37	3240 
30 38	2376 
30 40	1218 
30 39	3179 
30 41	1915 
30 42	425 
30 43	3901 
30 44	1418 
30 31	8406 
30 46	1994 
30 47	1332 
30 48	3332 
30 45	8071 
30 50	1894 
30 51	1692 
30 52	2554 
30 53	1743 
30 54	3155 
30 55	1224 
30 56	4691 
30 57	622 
30 58	4185 
30 49	4884 
30 60	1658 
30 61	2458 
30 62	3588 
30 63	4381 
30 59	6998 
30 65	2558 
30 64	7066 
30 67	3715 
30 69	905 
30 68	3953 
30 70	964 
30 71	3822 
30 72	1527 
30 74	1521 
30 73	2959 
30 75	2942 
30 76	6488 
30 66	6272 
30 78	4658 
30 79	824 
30 80	2259 
30 82	714 
30 81	1084 
30 84	918 
30 83	1951 
30 85	4321 
30 86	611 
30 87	2496 
30 88	1307 
30 89	763 
30 90	2530 
30 91	4388 
30 92	2589 
30 93	1115 
30 94	2179 
30 95	4764 
30 97	313 
30 96	3584 
30 98	1070 
30 99	1682 
30 100	2000 
35 1	1524 
35 2	1607 
35 3	4337 
35 4	4525 
35 5	2282 
35 6	3104 
35 7	2314 
35 8	4524 
35 9	7078 
35 10	6555 
35 11	825 
35 12	2526 
35 13	2739 
35 14	2944 
35 15	3574 
35 16	1676 
35 18	2321 
35 17	3562 
35 20	506 
35 19	890 
30 77	5444 
35 22	1028 
35 23	2360 
35 24	1563 
35 25	2486 
35 26	1165 
35 21	11501 
35 28	2004 
35 27	14360 
35 29	9809 
35 30	4816 
35 32	1086 
35 33	3872 
35 34	3465 
35 35	2524 
35 31	6964 
35 37	4192 
35 38	2574 
35 39	3556 
35 40	3279 
35 41	1885 
35 42	1790 
35 43	1749 
35 44	1547 
35 46	891 
35 45	3636 
35 48	799 
35 47	3410 
35 50	852 
35 49	3242 
35 36	6290 
35 52	3207 
35 51	4509 
35 54	4393 
35 55	4510 
35 53	4081 
35 57	2941 
35 58	2663 
35 56	4374 
35 60	3319 
35 59	5874 
35 62	3402 
35 63	1383 
35 64	3727 
35 65	3052 
35 66	5254 
35 61	5461 
35 68	2968 
35 69	4258 
35 70	1559 
35 71	5475 
35 67	4699 
35 73	954 
35 74	805 
35 75	763 
35 76	2048 
35 77	6910 
35 78	2025 
35 72	4547 
35 79	9538 
35 81	876 
35 82	1758 
35 83	1231 
35 84	2178 
35 85	1252 
35 87	902 
35 86	1439 
35 80	14900 
35 89	346 
35 90	3365 
35 88	18779 
35 91	9866 
35 93	2161 
35 94	3636 
35 95	3745 
35 96	1149 
35 97	1108 
35 98	2811 
35 99	4058 
35 100	1833 
40 1	1575 
40 2	5356 
40 3	2889 
40 4	3629 
40 5	6007 
40 6	2327 
40 7	1123 
40 8	4735 
35 92	10677 
40 10	3072 
40 11	3105 
40 9	8841 
40 12	8591 
40 14	4202 
40 13	10904 
40 16	5270 
40 17	5306 
40 15	5790 
40 19	2153 
40 20	2472 
40 18	7505 
40 22	4355 
40 23	8826 
40 21	6023 
40 25	1574 
40 24	15637 
40 27	2565 
40 26	9698 
40 29	1253 
40 30	1447 
40 31	2124 
40 32	2673 
40 33	1776 
40 28	9944 
40 35	3415 
40 36	5297 
40 37	2687 
40 34	6532 
40 39	2596 
40 40	4480 
40 41	2230 
40 42	4891 
40 38	7840 
40 43	7840 
40 45	2953 
40 44	11240 
40 47	5822 
40 48	4325 
40 49	1966 
40 50	2578 
40 52	2309 
40 51	6941 
40 53	8391 
40 54	1889 
40 55	6007 
40 56	1847 
40 57	2676 
40 58	4664 
40 46	7364 
40 60	5908 
40 61	3208 
40 62	2829 
40 63	2153 
40 64	2771 
40 59	9666 
40 66	4691 
40 67	5051 
40 68	2176 
40 69	3048 
40 70	4559 
40 71	6265 
40 72	2769 
40 73	3735 
40 65	10762 
40 75	3305 
40 74	15888 
40 76	10308 
40 78	5667 
40 77	7128 
40 80	3212 
40 79	9643 
40 82	5636 
40 81	7015 
40 84	5672 
40 85	7279 
40 86	1577 
40 87	2428 
40 83	9965 
40 88	9601 
40 90	4455 
40 91	1795 
40 92	2680 
40 93	911 
40 89	18629 
40 95	3120 
40 94	9529 
40 97	1264 
40 96	16256 
40 99	3468 
40 98	6646 
40 100	9940 
45 1	8351 
45 3	3800 
45 4	2135 
45 5	4570 
45 6	2472 
45 7	891 
45 2	9535 
45 8	6863 
45 10	1794 
45 9	10346 
45 12	5458 
45 14	3088 
45 15	4600 
45 13	19843 
45 16	8815 
45 17	3123 
45 11	10830 
45 19	3601 
45 20	3199 
45 21	4341 
45 22	1700 
45 18	7501 
45 24	2024 
45 23	25003 
45 27	2946 
45 25	19860 
45 28	4860 
45 29	7286 
45 30	3473 
45 26	23291 
45 33	1696 
45 32	6811 
45 34	5136 
45 35	7454 
45 36	2404 
45 37	2903 
45 38	2801 
45 31	9026 
45 40	3919 
45 41	2685 
45 39	8736 
45 43	3938 
45 42	5392 
45 45	3481 
45 46	6798 
45 47	3031 
45 44	8577 
45 49	4626 
45 48	8867 
45 50	9467 
45 52	1687 
45 53	6176 
45 51	9639 
45 55	5628 
45 54	15519 
45 57	3547 
45 56	9040 
45 59	4269 
45 60	2490 
45 61	4107 
45 58	9562 
45 63	5195 
45 62	9860 
45 65	6361 
45 66	5332 
45 64	12633 
45 68	6478 
45 69	3311 
45 70	1572 
45 71	2742 
45 72	4156 
45 73	1130 
45 67	11482 
45 75	2920 
45 77	2433 
45 76	3644 
45 78	5739 
45 79	2191 
45 74	4982 
45 81	1237 
45 80	8183 
45 83	1317 
45 82	5630 
45 85	3612 
45 84	7552 
45 88	3733 
45 89	1267 
45 86	18959 
45 90	1509 
45 87	24153 
45 92	3003 
45 91	10128 
45 93	7904 
45 95	3481 
45 94	10706 
45 97	10255 
45 96	4891 
45 99	4934 
45 100	2643 
45 98	17765 
50 1	16884 
50 3	7487 
50 2	11876 
50 7	1895 
50 5	16828 
50 4	22362 
50 8	7165 
50 10	2285 
50 11	828 
50 9	11375 
50 6	44436 
50 13	4415 
50 14	5692 
50 12	17061 
50 16	3736 
50 15	14547 
50 17	11539 
50 18	5171 
50 20	5982 
50 21	4833 
50 19	12959 
50 23	5439 
50 22	13736 
50 26	3438 
50 25	9365 
50 24	14735 
50 28	4610 
50 29	6523 
50 27	17400 
50 31	3756 
50 30	8467 
50 33	7055 
50 34	3539 
50 32	10929 
50 35	11968 
50 36	16712 
50 37	12801 
50 38	13547 
50 40	2571 
50 41	2908 
50 39	14705 
50 43	6042 
50 44	6195 
50 42	18282 
50 45	6924 
50 47	5446 
50 48	4122 
50 46	10529 
50 49	9983 
50 51	5578 
50 52	5833 
50 54	6644 
50 53	17949 
50 50	14398 
50 55	6078 
50 57	1978 
50 58	1733 
50 59	4910 
50 56	6588 
50 61	1784 
50 60	7766 
50 62	5522 
50 63	6896 
50 65	5315 
50 64	6746 
50 66	8448 
50 67	13848 
50 68	11649 
50 69	9514 
50 70	8978 
50 73	2173 
50 74	1190 
50 72	14730 
50 71	12136 
50 75	10216 
50 77	1449 
50 78	5079 
50 79	3319 
50 76	4423 
50 81	10675 
50 82	17829 
50 80	21612 
50 84	10191 
50 85	2995 
50 83	23274 
50 87	3885 
50 88	8262 
50 86	19909 
50 90	7086 
50 91	7862 
50 92	6428 
50 89	24236 
50 95	1948 
50 94	6948 
50 96	6588 
50 93	21661 
50 97	6224 
50 99	4449 
50 100	3195 
50 98	13717 
