10 2	2656 
10 3	413 
10 4	2501 
10 5	2807 
10 6	6427 
10 7	758 
10 8	206 
10 9	1374 
10 10	2837 
10 11	352 
10 12	238 
10 13	1744 
10 14	3349 
10 15	3957 
10 16	262 
10 17	699 
10 18	787 
10 19	6699 
10 20	4977 
10 21	308 
10 22	193 
10 23	2688 
10 24	1416 
10 25	405 
10 26	5120 
10 27	2221 
10 28	1223 
10 29	1342 
10 30	794 
10 31	882 
10 32	131 
10 33	849 
10 34	2011 
10 35	903 
10 36	646 
10 37	1278 
10 38	3855 
10 39	437 
10 40	2469 
10 41	293 
10 42	2071 
10 43	77 
10 44	68 
10 45	1363 
10 46	1614 
10 47	2471 
10 48	3044 
10 49	5848 
10 50	229 
10 51	11429 
10 52	145 
10 53	3306 
10 54	4534 
10 55	3139 
10 56	863 
10 57	491 
10 59	1478 
10 58	777 
10 60	1418 
10 61	735 
10 62	1170 
10 63	1652 
10 64	3207 
10 66	1541 
10 67	2041 
10 68	200 
10 65	730 
10 70	1102 
10 69	2072 
10 71	8198 
10 72	2298 
10 73	2899 
10 75	607 
10 76	589 
10 77	801 
10 74	2622 
10 79	396 
10 78	5501 
10 80	4069 
10 81	1524 
10 82	1161 
10 84	35 
10 83	1957 
10 86	1566 
10 87	1421 
10 88	293 
10 85	4000 
10 89	2754 
10 91	326 
10 92	1493 
10 90	3587 
10 94	1220 
10 93	3444 
10 95	2753 
10 97	1841 
10 96	4321 
10 99	1596 
10 98	6451 
10 100	3865 
15 1	5011 
15 2	2871 
15 3	13505 
15 4	5426 
15 5	7940 
15 6	1866 
10 1	2077 
15 8	2368 
15 7	26830 
15 10	2338 
15 11	9013 
15 12	6608 
15 13	2752 
15 14	2935 
15 15	1291 
15 9	10131 
15 17	6079 
15 18	8001 
15 16	12894 
15 19	19757 
15 21	7481 
15 22	5223 
15 24	391 
15 25	2572 
15 23	5956 
15 26	4622 
15 20	11311 
15 28	2320 
15 29	6182 
15 30	10551 
15 32	1940 
15 31	5349 
15 33	589 
15 35	515 
15 34	7810 
15 27	11695 
15 37	2787 
15 36	15013 
15 39	5503 
15 38	18845 
15 41	4008 
15 42	8250 
15 43	2743 
15 40	9528 
15 45	2308 
15 46	5457 
15 44	14744 
15 48	3519 
15 49	2950 
15 50	4553 
15 52	2240 
15 53	395 
15 51	4122 
15 54	8072 
15 47	16925 
15 56	7458 
15 57	837 
15 58	3173 
15 59	6362 
15 60	2534 
15 55	28028 
15 62	10218 
15 63	2173 
15 61	29168 
15 65	2846 
15 64	9137 
15 67	7543 
15 68	7485 
15 66	13478 
15 70	1281 
15 69	20886 
15 71	12190 
15 73	11892 
15 75	1685 
15 76	1135 
15 74	13505 
15 72	37538 
15 78	8483 
15 79	1229 
15 80	6593 
15 77	11414 
15 82	5053 
15 83	7528 
15 84	1561 
15 85	1983 
15 81	10160 
15 87	584 
15 88	4567 
15 86	16989 
15 90	8319 
15 89	13248 
15 92	4411 
15 93	2422 
15 91	16375 
15 95	3475 
15 96	6377 
15 97	4036 
15 98	3972 
15 99	3000 
15 94	12925 
15 100	13091 
20 2	6112 
20 3	2935 
20 1	28118 
20 4	10269 
20 6	8646 
20 7	4815 
20 5	11170 
20 10	12009 
20 11	11590 
20 9	19196 
20 8	25674 
20 14	3649 
20 12	15434 
20 15	10315 
20 16	2766 
20 17	13679 
20 13	79078 
20 20	7131 
20 21	4669 
20 19	49104 
20 18	61486 
20 22	23392 
20 24	6491 
20 23	14347 
20 26	15948 
20 27	12389 
20 25	26785 
20 30	404 
20 29	2428 
20 28	18835 
20 31	10416 
20 33	23245 
20 34	35687 
20 32	61138 
20 36	12934 
20 37	3508 
20 38	6350 
20 39	2991 
20 40	9289 
20 35	71858 
20 43	6645 
20 42	21091 
20 41	27212 
20 46	517 
20 45	12822 
20 48	1356 
20 47	7039 
20 49	4286 
20 50	8931 
20 44	19021 
20 52	13435 
20 53	7762 
20 51	29603 
20 56	2785 
20 55	14218 
20 54	35586 
20 58	18318 
20 60	1171 
20 59	18443 
20 61	3650 
20 57	42531 
20 63	730 
20 64	850 
20 65	9995 
20 66	2133 
20 62	66535 
20 68	11839 
20 69	13908 
20 70	5331 
20 71	12911 
20 72	16608 
20 73	20271 
20 67	84960 
20 75	16100 
20 77	13174 
20 74	43274 
20 76	52898 
20 80	11289 
20 81	22471 
20 79	46123 
20 82	15966 
20 83	10548 
20 78	95157 
20 85	5448 
20 86	3566 
20 84	15290 
20 88	6768 
20 87	28003 
20 90	14635 
20 91	11507 
20 92	6091 
20 89	18222 
20 93	15437 
20 95	12024 
20 96	17496 
20 97	11649 
20 98	9879 
20 100	6194 
20 99	13390 
20 94	72509 
25 1	23610 
25 4	3925 
25 3	28898 
25 7	13281 
25 2	74279 
25 6	59733 
25 5	57406 
25 9	29173 
25 10	24002 
25 11	33377 
25 13	6998 
25 8	72965 
25 15	1910 
25 14	28371 
25 16	18565 
25 18	13485 
25 19	12742 
25 12	92547 
25 20	7941 
25 17	61768 
25 23	4156 
25 24	15493 
25 22	43677 
25 25	23270 
25 21	88054 
25 28	18895 
25 29	6222 
25 27	57490 
25 30	52720 
25 31	44288 
25 26	117690 
25 34	20623 
25 32	78185 
25 37	26181 
25 35	66059 
25 33	89999 
25 38	31303 
25 36	98353 
25 39	37470 
25 40	42970 
25 42	16809 
25 41	43771 
25 43	48422 
25 44	41593 
25 48	10362 
25 46	49188 
25 45	75676 
25 51	26555 
25 47	80004 
25 49	62842 
25 50	61088 
25 52	24239 
25 55	9087 
25 54	50986 
25 53	62506 
25 57	43203 
25 58	61403 
25 60	39251 
25 56	121776 
25 61	26470 
25 62	21138 
25 63	35060 
25 59	135575 
25 66	14164 
25 67	7192 
25 64	65021 
25 68	35390 
25 65	89573 
25 69	24366 
25 71	32958 
25 73	31832 
25 70	76114 
25 72	62415 
25 77	12071 
25 76	42053 
25 75	42227 
25 79	6955 
25 80	10520 
25 81	1530 
25 78	29523 
25 74	103138 
25 83	19456 
25 84	13251 
25 82	27123 
25 87	12505 
25 86	37439 
25 88	27038 
25 85	75208 
25 89	27166 
25 92	12598 
25 94	7308 
25 91	51080 
25 96	44268 
25 93	94297 
25 95	64625 
25 98	13591 
25 99	6567 
25 97	37037 
25 90	187833 
30 1	26635 
30 2	28771 
30 3	23663 
25 100	120084 
30 4	119594 
30 8	21601 
30 7	79694 
30 9	12403 
30 10	15245 
30 12	4778 
30 5	249705 
30 6	254517 
30 15	22519 
30 14	145817 
30 16	112412 
30 11	260983 
30 18	11092 
30 19	9791 
30 17	53607 
30 13	300816 
30 23	118379 
30 22	210502 
30 21	230525 
30 20	253708 
30 24	72199 
30 28	5913 
30 26	40301 
30 27	89838 
30 30	113609 
30 32	21679 
30 31	109825 
30 33	25350 
30 34	28107 
30 29	234411 
30 36	4903 
30 25	286586 
30 38	27626 
30 39	25323 
30 37	42541 
30 35	76019 
30 41	7579 
30 40	21294 
30 43	1696 
30 42	31375 
30 45	34132 
30 44	43795 
30 49	7191 
30 48	46011 
30 47	107219 
30 50	59788 
30 46	159235 
30 51	99133 
30 53	51468 
30 52	96344 
30 56	44590 
30 58	25552 
30 54	133914 
30 57	100176 
30 60	14397 
30 59	62141 
30 63	5827 
30 62	79751 
30 64	75408 
30 61	123112 
30 67	33917 
30 55	344088 
30 66	109538 
30 70	17033 
30 68	96864 
30 69	89640 
30 65	208893 
30 73	48139 
30 74	38648 
30 71	93181 
30 77	23571 
30 75	53218 
30 78	7166 
30 76	65264 
30 79	17799 
30 80	47234 
30 81	39267 
30 84	12506 
30 83	27486 
30 72	255960 
30 86	87080 
30 88	8350 
30 82	227231 
30 85	167481 
30 90	81354 
30 91	96713 
30 89	167572 
30 94	10427 
30 95	8718 
30 87	359885 
30 93	154123 
30 97	40146 
30 98	8795 
30 99	21507 
30 96	187085 
35 1	66479 
30 92	316132 
35 2	33924 
30 100	126973 
35 6	19999 
35 4	43556 
35 5	39591 
35 7	34955 
35 10	89536 
35 11	21132 
35 9	183688 
35 8	226351 
35 3	314635 
35 12	134156 
35 13	141277 
35 17	27600 
35 16	89421 
35 15	164628 
35 18	63152 
35 21	18910 
35 20	86731 
35 14	275764 
35 22	60776 
35 24	16496 
35 19	151550 
35 23	80283 
35 27	71218 
35 29	85444 
35 30	105344 
35 26	284613 
35 31	52755 
35 28	311704 
35 33	70031 
35 34	92149 
35 35	52735 
35 25	542915 
35 38	12387 
35 39	28856 
35 36	128797 
35 40	24077 
35 42	127915 
35 43	86506 
35 41	259211 
35 44	27019 
35 37	461101 
35 32	632220 
35 48	20086 
35 47	50308 
35 49	13778 
35 45	220894 
35 50	215538 
35 51	234242 
35 52	167436 
35 53	21820 
35 54	20441 
35 56	29307 
35 55	81937 
35 46	480597 
35 57	92495 
35 60	21803 
35 59	102537 
35 58	198439 
35 62	113121 
35 61	164173 
35 65	64064 
35 63	126101 
35 64	120127 
35 67	36453 
35 68	52353 
35 70	12846 
35 66	113725 
35 72	35217 
35 71	40562 
35 74	17222 
35 75	40624 
35 69	216349 
35 77	109624 
35 76	201481 
35 79	79661 
35 80	93207 
35 78	208339 
35 82	42238 
35 81	178522 
35 84	79543 
35 86	21986 
35 73	532452 
35 83	148203 
35 88	50553 
35 89	36467 
35 85	166987 
35 90	97321 
35 91	129397 
35 93	174189 
35 94	177454 
35 92	257409 
35 97	17930 
35 96	38997 
35 99	18719 
35 98	23945 
35 100	74656 
35 95	281049 
40 1	175378 
35 87	603517 
40 2	183305 
40 3	111470 
40 5	45343 
40 7	52691 
40 4	266234 
40 9	127803 
40 8	223668 
40 10	86596 
40 13	111286 
40 6	410021 
40 12	201751 
40 14	105937 
40 16	74799 
40 18	45068 
40 15	170972 
40 20	20484 
40 19	108250 
40 21	55198 
40 17	185009 
40 11	477388 
40 23	54880 
40 25	163170 
40 22	264054 
40 27	67816 
40 28	28494 
40 29	115904 
40 26	332098 
40 30	163771 
40 24	453367 
40 32	77065 
40 31	168329 
40 34	108223 
40 35	228606 
40 36	165141 
40 33	321365 
40 39	45152 
40 41	60400 
40 38	144998 
40 42	12246 
40 43	43967 
40 37	355545 
40 46	21800 
40 40	220051 
40 45	104716 
40 47	151762 
40 50	12940 
40 48	192437 
40 49	161985 
40 51	27957 
40 53	24598 
40 44	468312 
40 56	29240 
40 52	242033 
40 54	337363 
40 57	130974 
40 60	70811 
40 59	111629 
40 58	247962 
40 55	453536 
40 61	75483 
40 64	29000 
40 66	70114 
40 65	75628 
40 63	157454 
40 68	74927 
40 69	84962 
40 67	155053 
40 71	81383 
40 62	335817 
40 73	49109 
40 72	90863 
40 76	67444 
40 70	264612 
40 74	170631 
40 77	161386 
40 78	136913 
40 79	97793 
40 81	48554 
40 83	19595 
40 75	352443 
40 80	129231 
40 82	131512 
40 84	80708 
40 87	79178 
40 85	157418 
40 88	109607 
40 91	72894 
40 92	13343 
40 93	22258 
40 89	206756 
40 94	39673 
40 90	214587 
40 96	44249 
40 95	84107 
40 97	80986 
40 98	145442 
40 99	163067 
40 100	143636 
45 3	55552 
45 2	168837 
40 86	757125 
45 5	18459 
45 6	75075 
45 7	70520 
45 8	21099 
45 10	279012 
45 4	509455 
45 11	133013 
45 9	519121 
45 14	44388 
45 13	131635 
45 12	250048 
45 16	92993 
45 17	97922 
45 1	1047240 
45 18	103243 
45 19	199272 
45 20	273541 
45 15	507983 
45 23	226970 
45 22	413680 
45 21	709121 
45 25	383039 
45 26	402694 
45 29	50736 
45 27	270561 
45 31	28417 
45 24	775096 
45 28	254819 
45 34	24370 
45 33	149230 
45 32	267812 
45 35	179589 
45 30	336261 
45 36	83868 
45 38	123939 
45 39	164554 
45 37	312941 
45 42	155704 
45 41	329942 
45 43	218643 
45 44	239471 
45 45	113234 
45 46	70358 
45 49	18343 
45 47	48765 
45 40	613558 
45 51	38003 
45 48	94528 
45 52	57407 
45 54	145706 
45 50	221649 
45 57	95413 
45 53	368644 
45 55	381166 
45 56	292749 
45 59	101133 
45 62	21487 
45 61	245167 
45 63	215137 
45 65	258468 
45 64	413651 
45 67	85207 
45 68	40887 
45 60	1190887 
45 69	463480 
45 70	162162 
45 71	108320 
45 66	853924 
45 73	183535 
45 58	1852444 
45 74	329801 
45 75	227406 
45 72	524440 
45 78	73094 
45 79	165807 
45 76	353597 
45 81	87718 
45 82	71444 
45 77	436375 
45 80	428455 
45 84	123064 
45 85	287809 
45 83	349506 
45 89	18426 
45 86	251752 
45 87	292564 
45 90	149404 
45 93	17966 
45 88	326480 
45 94	177573 
45 95	179259 
45 92	423837 
45 91	481511 
45 96	308911 
45 97	329468 
45 100	165393 
50 1	67079 
45 98	392066 
50 2	157604 
45 99	536912 
50 5	108244 
50 6	174556 
50 4	390887 
50 3	757770 
50 9	361337 
50 8	451624 
50 11	67930 
50 13	5780 
50 7	837245 
50 14	459741 
50 10	673996 
50 12	686232 
50 16	240134 
50 17	107855 
50 18	76615 
50 21	49586 
50 22	87856 
50 15	637083 
50 20	183285 
50 24	144923 
50 25	200268 
50 26	197891 
50 28	94037 
50 23	539257 
50 29	86773 
50 27	378215 
50 19	847433 
50 33	34213 
50 32	81441 
50 30	209443 
50 34	111204 
50 35	136444 
50 31	462570 
50 36	333154 
50 37	317072 
50 41	19205 
50 38	391948 
50 39	326626 
50 44	38207 
50 43	134657 
50 42	253130 
50 45	279681 
50 48	110230 
50 46	419320 
50 40	731417 
50 49	378932 
50 50	477239 
50 47	930183 
50 54	27443 
50 53	84980 
50 56	143433 
50 55	271826 
50 52	566252 
50 57	347734 
50 58	298444 
50 59	423987 
50 62	99278 
50 61	365698 
50 51	1547977 
50 60	665815 
50 65	316311 
50 67	30015 
50 66	198180 
50 64	653755 
50 63	825389 
50 70	243647 
50 72	107154 
50 69	567161 
50 74	34112 
50 73	75521 
50 71	343547 
50 76	113092 
50 75	197586 
50 78	351196 
50 68	1159152 
50 80	69500 
50 81	34522 
50 83	45817 
50 84	153946 
50 79	590427 
50 85	50330 
50 87	103319 
50 82	495531 
50 89	86983 
50 77	1054140 
50 91	65845 
50 86	560724 
50 90	440492 
50 92	382421 
50 95	76476 
50 94	150640 
50 93	493458 
50 88	963200 
50 96	287472 
50 100	70873 
50 98	313500 
50 99	614258 
50 97	828899 
