10 2	99 
10 4	245 
10 3	14 
10 5	1410 
10 1	10889 
10 7	7097 
10 8	695 
10 9	1291 
10 6	32702 
10 11	12049 
10 10	25508 
10 13	10312 
10 12	26629 
10 16	3110 
10 15	14327 
10 14	21558 
10 18	12 
10 19	865 
10 20	5381 
10 17	40288 
10 21	24810 
10 24	4655 
10 22	29319 
10 25	8516 
10 26	9167 
10 23	37009 
10 27	20283 
10 29	13048 
10 30	12130 
10 31	9490 
10 28	15180 
10 33	3686 
10 32	13277 
10 35	2944 
10 37	13 
10 36	18259 
10 38	2609 
10 39	7700 
10 40	6327 
10 41	9842 
10 43	17 
10 34	16979 
10 42	28454 
10 47	1890 
10 45	25591 
10 44	48766 
10 48	3344 
10 49	8224 
10 46	37229 
10 52	13 
10 51	8715 
10 53	954 
10 50	18436 
10 55	8339 
10 56	5257 
10 54	20549 
10 58	6252 
10 57	30157 
10 60	9250 
10 61	4433 
10 59	26799 
10 65	5045 
10 63	39682 
10 64	38038 
10 62	78562 
10 67	8203 
10 68	8473 
10 69	1089 
10 66	40522 
10 70	15827 
10 72	7951 
10 71	13814 
10 74	15037 
10 76	8351 
10 75	19063 
10 73	54225 
10 78	3760 
10 80	8871 
10 79	23713 
10 77	54758 
10 83	8995 
10 82	18030 
10 84	18076 
10 86	4822 
10 81	81759 
10 85	31494 
10 88	5740 
10 87	22282 
10 89	17696 
10 90	19809 
10 91	14464 
10 93	7320 
10 92	15460 
10 95	10018 
10 94	19796 
10 98	3878 
10 96	27567 
10 99	5686 
10 97	43214 
10 100	30705 
15 2	34835 
15 3	31681 
15 4	27468 
15 6	118998 
15 1	232276 
15 5	165223 
15 9	68428 
15 8	107027 
15 10	86879 
15 11	41660 
15 12	37742 
15 7	352052 
15 13	97315 
15 14	80144 
15 17	7526 
15 16	23402 
15 18	10620 
15 19	7248 
15 15	96595 
15 22	2910 
15 20	118186 
15 23	102517 
15 21	135510 
15 25	21796 
15 24	116332 
15 27	37824 
15 29	70070 
15 28	101123 
15 26	140248 
15 32	67703 
15 31	107762 
15 35	111558 
15 36	73419 
15 30	411538 
15 34	306754 
15 37	84934 
15 33	381514 
15 39	55533 
15 42	34136 
15 43	7012 
15 40	143440 
15 44	9948 
15 45	4992 
15 38	247714 
15 41	178976 
15 48	81894 
15 50	10212 
15 49	85321 
15 51	20254 
15 47	193730 
15 46	232206 
15 54	126281 
15 55	111839 
15 53	196030 
15 56	50012 
15 57	77387 
15 60	23236 
15 52	344382 
15 59	106709 
15 62	34233 
15 63	48320 
15 61	116478 
15 65	12954 
15 58	191070 
15 68	22261 
15 67	49804 
15 70	41 
15 66	97052 
15 71	9934 
15 69	88515 
15 72	77198 
15 75	7434 
15 73	127798 
15 64	279630 
15 74	156521 
15 78	134985 
15 77	160324 
15 81	6937 
15 76	211773 
15 79	221748 
15 83	84993 
15 80	162373 
15 86	41653 
15 82	203632 
15 87	44448 
15 88	28894 
15 89	56767 
15 85	227385 
15 92	9376 
15 84	292211 
15 91	90187 
15 95	61186 
15 94	110266 
15 90	261197 
15 96	73973 
15 93	284162 
15 99	69821 
15 98	130031 
20 1	51071 
20 3	30860 
15 97	314180 
15 100	227618 
20 4	258591 
20 6	205297 
20 8	5313 
20 7	72386 
20 10	156578 
20 11	47124 
20 9	336431 
20 5	704698 
20 12	263762 
20 2	987826 
20 15	173678 
20 16	160976 
20 17	87560 
20 13	479074 
20 18	154455 
20 14	520456 
20 19	204408 
20 22	193259 
20 23	284154 
20 25	68783 
20 20	591980 
20 24	272174 
20 27	203363 
20 28	222271 
20 26	380302 
20 29	283886 
20 30	195090 
20 21	1004239 
20 33	67045 
20 35	27234 
20 34	187489 
20 31	413966 
20 32	311424 
20 38	90444 
20 36	364304 
20 41	257926 
20 39	749138 
20 40	812562 
20 43	108464 
20 37	1094348 
20 42	548156 
20 45	435842 
20 44	474956 
20 46	315682 
20 47	445803 
20 50	195358 
20 49	602280 
20 52	404881 
20 51	503040 
20 55	424272 
20 56	4704 
20 53	626936 
20 57	153127 
20 48	1421335 
20 60	58589 
20 58	234830 
20 59	277199 
20 62	89402 
20 63	24877 
20 61	202830 
20 54	1090498 
20 66	113575 
20 68	45356 
20 67	167164 
20 69	60467 
20 71	25896 
20 65	463277 
20 72	175536 
20 73	136777 
20 75	70174 
20 70	468601 
20 74	483559 
20 78	126288 
20 76	746256 
20 64	1623857 
20 77	967986 
20 80	370020 
20 82	137112 
20 79	710187 
20 81	269034 
20 83	355077 
20 86	349554 
20 87	177278 
20 89	30651 
20 90	153443 
20 91	81599 
20 85	790162 
20 88	516134 
20 92	113700 
20 95	304262 
20 84	1243270 
20 96	10236 
20 93	471291 
20 98	168565 
20 100	55518 
20 94	623857 
20 99	322082 
20 97	451505 
25 3	198317 
25 4	153364 
25 2	354513 
25 5	636771 
25 6	812432 
25 9	183918 
25 8	477481 
25 7	1213928 
25 12	199960 
25 1	2299223 
25 10	925333 
25 14	387447 
25 11	1527724 
25 13	1349206 
25 17	278173 
25 16	826378 
25 18	540729 
25 20	446129 
25 19	1935200 
25 15	3338606 
25 21	1848339 
25 22	2244343 
25 25	785530 
25 27	390090 
25 24	1416659 
25 23	2012418 
25 30	26313 
25 31	51107 
25 29	336040 
25 26	1370593 
25 32	402974 
25 34	462473 
25 33	1405032 
25 28	2117989 
25 37	290016 
25 36	1338122 
25 38	913631 
25 41	349490 
25 39	1478630 
25 40	1602930 
25 44	58795 
25 42	1105698 
25 35	3920064 
25 45	810770 
25 43	1348765 
25 49	76849 
25 47	560754 
25 48	1083575 
25 52	167630 
25 50	1416661 
25 53	664220 
25 46	2511995 
25 55	256326 
25 57	22821 
25 58	10892 
25 51	2985669 
25 59	1396929 
25 60	434019 
25 56	1941183 
25 61	367164 
25 63	188394 
25 62	857318 
25 66	201635 
25 67	17589 
25 64	889834 
25 68	169966 
25 69	161121 
25 70	256100 
25 71	153115 
25 72	125375 
25 74	103651 
25 65	1660862 
25 73	700659 
25 77	52336 
25 54	4594573 
25 76	403015 
25 75	1112281 
25 78	565032 
25 79	405671 
25 80	1161422 
25 83	1142889 
25 85	358977 
25 82	1572294 
25 81	1763142 
25 86	331410 
25 84	1256133 
25 89	370798 
25 90	255001 
25 91	105850 
25 92	481822 
25 94	221199 
25 87	1734550 
25 93	1223347 
25 97	476832 
25 88	2517209 
25 96	960566 
25 100	181179 
25 99	362835 
30 2	407988 
25 95	2157123 
25 98	2073628 
30 4	1162287 
30 3	2088263 
30 7	281220 
30 6	1118128 
30 1	3910044 
30 9	978764 
30 11	846254 
30 12	202169 
30 10	2176589 
30 5	5182260 
30 14	2761979 
30 16	373796 
30 17	269147 
30 13	4570917 
30 19	946454 
30 8	8683302 
30 20	1259055 
30 21	275116 
30 22	262280 
30 23	1334223 
30 25	494909 
30 15	7317708 
30 18	5923998 
30 27	3090780 
30 26	3947532 
30 24	6699922 
30 31	1234032 
30 29	3241406 
30 28	5374583 
30 32	2631912 
30 33	2487618 
30 36	638697 
30 30	5839181 
30 35	1209968 
30 37	838118 
30 40	489780 
30 34	4395497 
30 42	888931 
30 39	2575658 
30 44	587007 
30 41	2756617 
30 43	1325947 
30 47	267379 
30 46	460319 
30 45	822510 
30 48	1114310 
30 38	5473121 
30 52	485778 
30 50	1856892 
30 54	1583172 
30 49	3480957 
30 51	2991313 
30 56	480742 
30 58	972373 
30 59	205617 
30 57	1282440 
30 53	4655857 
30 55	2770127 
30 62	965031 
30 63	1293799 
30 61	2388455 
30 64	613611 
30 60	2644379 
30 66	143495 
30 67	173023 
30 65	541561 
30 70	150799 
30 68	636930 
30 72	1468179 
30 69	2163666 
30 73	1814844 
30 76	406846 
30 77	434355 
30 74	1788052 
30 75	1597247 
30 78	555028 
30 80	536489 
30 82	312500 
30 83	50354 
30 71	5079113 
30 79	2149337 
30 86	506365 
30 85	924946 
30 87	344518 
30 88	325925 
30 89	88333 
30 84	2416486 
30 91	776753 
30 92	664965 
30 93	500330 
30 90	1539150 
30 81	4221312 
30 94	954544 
30 98	211077 
30 97	992029 
30 100	255992 
30 99	818922 
30 95	1951600 
35 3	1876791 
30 96	4040825 
35 5	2398159 
35 4	5141738 
35 1	8428069 
35 2	9256780 
35 6	5965811 
35 7	3675657 
35 9	3231702 
35 12	1227327 
35 11	5340431 
35 10	5745138 
35 14	1284325 
35 8	10094485 
35 15	4702076 
35 16	3675106 
35 18	379666 
35 19	2118770 
35 21	475571 
35 13	12538116 
35 22	2406158 
35 24	2008282 
35 17	10005023 
35 25	349377 
35 23	2878621 
35 27	794103 
35 29	128671 
35 28	3822490 
35 30	5447113 
35 20	14169784 
35 33	458241 
35 32	1704601 
35 31	4268465 
35 34	6906701 
35 37	1634085 
35 26	17350940 
35 39	290462 
35 36	9208537 
35 35	11155013 
35 40	2367176 
35 42	1637910 
35 41	5061541 
35 45	199030 
35 43	8096936 
35 46	4770696 
35 38	12372686 
35 48	428141 
35 47	653088 
35 44	8886311 
35 49	2294672 
35 52	2392203 
35 50	4529314 
35 53	2459616 
35 56	1757534 
35 55	1948805 
35 51	7405473 
35 58	1282992 
35 59	2576709 
35 54	7921080 
35 60	4876990 
35 61	2744236 
35 62	1905847 
35 57	7441698 
35 65	523658 
35 63	4763952 
35 68	1931542 
35 64	7159535 
35 67	6215060 
35 66	6374833 
35 70	2706214 
35 69	5481384 
35 71	7022270 
35 73	5177868 
35 72	7829134 
35 74	3395108 
35 78	386838 
35 79	773829 
35 76	2498312 
35 81	197462 
35 75	6520676 
35 80	4411461 
35 77	6559826 
35 85	1484972 
35 83	2995579 
35 82	6411472 
35 84	4060578 
35 87	1631963 
35 90	239711 
35 91	123237 
35 89	2264577 
35 86	5156166 
35 88	6205837 
35 94	1912950 
35 95	362780 
35 97	1463863 
35 96	1817642 
35 98	309930 
35 92	7214624 
40 1	382813 
35 100	2324251 
40 3	430174 
35 93	8668511 
35 99	3912394 
40 6	794535 
40 2	3569808 
40 5	2937538 
40 4	3741044 
40 7	5011733 
40 11	514213 
40 8	5500521 
40 12	1278001 
40 10	7907845 
40 14	4501168 
40 15	3518702 
40 9	13470509 
40 16	5404498 
40 19	630114 
40 13	11403983 
40 18	2688827 
40 20	1845623 
40 23	6024629 
40 17	12630102 
40 21	9922511 
40 25	8650801 
40 27	384934 
40 24	12099876 
40 29	1810938 
40 22	19849460 
40 30	1648618 
40 31	3134350 
40 26	15091968 
40 34	3800405 
40 32	7831186 
40 28	17852941 
40 33	13227345 
40 37	4853133 
40 38	17285214 
40 35	26238773 
40 40	2913063 
40 36	29330390 
40 43	255008 
40 39	24099830 
40 45	3631000 
40 44	10423364 
40 42	12863111 
40 48	6303625 
40 47	8322663 
40 41	25502975 
40 46	14630697 
40 50	5916491 
40 49	8651939 
40 52	3249531 
40 51	5962199 
40 53	3782519 
40 55	2292683 
40 54	5021512 
40 57	2738473 
40 59	570764 
40 60	670006 
40 58	6783098 
40 62	4603608 
40 63	920043 
40 64	4054518 
40 65	3732951 
40 66	439032 
40 61	10358301 
40 69	854597 
40 70	1610091 
40 56	18529782 
40 71	1560730 
40 73	167871 
40 68	6611516 
40 67	8971192 
40 76	722571 
40 74	4549982 
40 75	3493372 
40 79	1678867 
40 78	2258858 
40 77	2770405 
40 72	9618932 
40 81	2659614 
40 83	1079011 
40 84	2002667 
40 85	2772380 
40 87	2978526 
40 80	17515975 
40 82	18750344 
40 86	14411913 
40 89	4741490 
40 92	2438296 
40 90	6755018 
40 88	17251526 
40 95	1012800 
40 93	4803294 
40 91	10420477 
40 98	1714956 
40 99	5111363 
40 100	3912956 
40 97	14036717 
45 1	2703590 
45 2	1043654 
45 3	1020540 
40 96	22258108 
45 4	6948855 
40 94	27961821 
45 5	22357066 
45 7	16231096 
45 6	18438292 
45 9	649445 
45 12	92528 
45 11	3166927 
45 10	7350485 
45 14	7673153 
45 15	8167786 
45 16	5076056 
45 17	4091182 
45 8	33682040 
45 18	5593524 
45 20	4170294 
45 13	24689730 
45 19	6017943 
45 21	6603326 
45 23	3625180 
45 26	505277 
45 27	2184612 
45 22	10485248 
45 29	633009 
45 28	4655041 
45 30	1615777 
45 24	13370400 
45 32	8807959 
45 34	2009651 
45 31	18593331 
45 25	31882560 
45 35	13542981 
45 33	22593765 
45 37	1236097 
45 40	2667573 
45 38	3964793 
45 36	12221081 
45 42	5619852 
45 39	9763966 
45 44	7508981 
45 45	7761313 
45 43	13708250 
45 46	3400926 
45 49	344161 
45 47	3629296 
45 48	4502325 
45 51	6340867 
45 41	26387326 
45 54	971007 
45 52	8640763 
45 55	3359018 
45 53	6585730 
45 50	21656876 
45 59	218257 
45 56	12861686 
45 58	15008212 
45 61	4438812 
45 63	2122169 
45 64	9025374 
45 60	19930543 
45 62	14649604 
45 66	2603251 
45 65	9436792 
45 69	890704 
45 70	2260617 
45 71	1375466 
45 68	10398281 
45 72	7151090 
45 67	18617615 
45 75	2100288 
45 76	835938 
45 74	4983094 
45 73	15446100 
45 77	8237214 
45 79	6511945 
45 81	621442 
45 78	12199441 
45 82	2368844 
45 80	7207749 
45 84	1506056 
45 83	4469151 
45 86	2492631 
45 85	5543793 
45 89	222069 
45 87	3612123 
45 90	3564142 
45 88	8446492 
45 57	84551756 
45 92	9615008 
45 91	14951880 
45 94	7379068 
45 93	14790052 
45 98	607743 
45 96	8614711 
45 95	15409670 
45 100	9334895 
45 97	15851652 
50 1	21802017 
50 4	2593447 
45 99	39905121 
50 3	40241714 
50 6	19139149 
50 8	7599300 
50 9	1136698 
50 10	638841 
50 2	55885927 
50 5	40505314 
50 13	1190215 
50 7	23367659 
50 14	5682382 
50 11	16614709 
50 17	8486978 
50 16	14138592 
50 18	1559130 
50 19	3392514 
50 20	4447981 
50 15	27345919 
50 12	38708991 
50 22	16421800 
50 24	12896733 
50 25	6665280 
50 23	17336012 
50 28	965931 
50 29	18555892 
50 26	24753860 
50 27	30067018 
50 31	9173207 
50 30	18901151 
50 32	15943605 
50 21	74184518 
50 33	21513662 
50 36	4218114 
50 38	17810684 
50 34	40006834 
50 39	12497489 
50 41	4153532 
50 42	2033768 
50 43	2709587 
50 35	47670953 
50 45	177853 
50 40	19729729 
50 37	45864956 
50 47	9838372 
50 44	21336279 
50 48	11594557 
50 46	23844380 
50 52	1842800 
50 50	10611674 
50 49	25424659 
50 53	13525423 
50 51	18652155 
50 55	7853239 
50 58	3603366 
50 57	11092439 
50 60	7670078 
50 54	29939910 
50 56	22633947 
50 59	12291929 
50 61	6478855 
50 63	4044989 
50 66	504646 
50 62	11228862 
50 64	12932279 
50 67	11240535 
50 68	9926531 
50 65	25434238 
50 72	4445669 
50 70	19795277 
50 71	15614810 
50 75	7728818 
50 74	31600720 
50 77	5026104 
50 69	62544993 
50 73	48994070 
50 76	39819603 
50 79	7825552 
50 78	12826944 
50 80	6979340 
50 84	5413311 
50 85	4207594 
50 83	14762408 
50 87	8177515 
50 82	26556858 
50 89	13270870 
50 86	33691526 
50 88	26238665 
50 81	52208639 
50 93	10176214 
50 90	24616461 
50 92	20244364 
50 91	25128706 
50 94	26738275 
50 97	16512890 
50 96	23679776 
50 99	12415884 
50 100	9587955 
50 98	18013959 
50 95	68134457 
