10 0 1310

10 1 2100

10 2 600

10 3 670

10 4 570

10 5 2460

10 6 110

10 7 660

10 8 810

10 9 400

10 10 510

10 11 150

10 12 2160

10 13 2710

10 14 1780

10 15 720

10 16 930

10 17 880

10 18 730

10 19 1030

10 20 1450

10 21 670

10 22 330

10 23 40

10 24 410

10 25 260

10 26 1390

10 27 2020

10 28 310

10 29 560

10 30 1150

10 31 490

10 32 350

10 33 370

10 34 40

10 35 2430

10 36 840

10 37 590

10 38 20

10 39 890

10 40 1390

10 41 1770

10 42 1550

10 43 1700

10 44 1480

10 45 2660

10 46 180

10 47 4050

10 48 380

10 49 2400

10 50 2450

10 51 620

10 52 180

10 53 940

10 54 400

10 55 980

10 56 3840

10 57 320

10 58 2190

10 59 60

10 60 260

10 61 210

10 62 20

10 63 1660

10 64 4140

10 65 580

10 66 520

10 67 1740

10 68 490

10 69 110

10 70 860

10 71 270

10 72 1830

10 73 1620

10 74 890

10 75 190

10 76 580

10 77 3900

10 78 1930

10 79 1990

10 80 180

10 81 660

10 82 170

10 83 660

10 84 120

10 85 1420

10 86 1070

10 87 20

10 88 590

10 89 1220

10 90 80

10 91 2180

10 92 3170

10 93 810

10 94 610

10 95 2300

10 96 1630

10 97 450

10 98 230

10 99 600

15 0 7890

15 1 5895

15 2 5730

15 3 4305

15 4 15525

15 5 5490

15 6 10125

15 7 7170

15 8 3270

15 9 10185

15 10 6645

15 11 1425

15 12 4035

15 13 945

15 14 5850

15 15 4200

15 16 3555

15 17 13710

15 18 11085

15 19 1935

15 20 3375

15 21 7200

15 22 585

15 23 1050

15 24 915

15 25 795

15 26 1500

15 27 3945

15 28 6345

15 29 10485

15 30 3525

15 31 7920

15 32 21495

15 33 3945

15 34 1950

15 35 4305

15 36 4695

15 37 1005

15 38 5565

15 39 10440

15 40 4080

15 41 7590

15 42 4500

15 43 8535

15 44 6060

15 45 1335

15 46 2640

15 47 3165

15 48 4155

15 49 5535

15 50 1170

15 51 11955

15 52 6975

15 53 2325

15 54 2310

15 55 2355

15 56 5490

15 57 510

15 58 9240

15 59 9090

15 60 1575

15 61 2505

15 62 3840

15 63 5880

15 64 8760

15 65 10110

15 66 20520

15 67 165

15 68 7545

15 69 5445

15 70 6855

15 71 2895

15 72 4005

15 73 3390

15 74 3030

15 75 2070

15 76 21840

15 77 1170

15 78 8340

15 79 10950

15 80 1905

15 81 3195

15 82 945

15 83 5700

15 84 1230

15 85 1680

15 86 3030

15 87 6675

15 88 1605

15 89 1530

15 90 3585

15 91 1440

15 92 6900

15 93 3960

15 94 3225

15 95 705

15 96 5265

15 97 5430

15 98 3360

15 99 3855

20 0 1760

20 1 8140

20 2 12280

20 3 18680

20 4 3700

20 5 15040

20 6 18860

20 7 6200

20 8 6120

20 9 8860

20 10 8440

20 11 6740

20 12 10880

20 13 24860

20 14 3740

20 15 4240

20 16 7620

20 17 21800

20 18 14060

20 19 3820

20 20 5320

20 21 13380

20 22 6080

20 23 9500

20 24 14580

20 25 9240

20 26 26800

20 27 7300

20 28 20820

20 29 8940

20 30 6680

20 31 16820

20 32 5800

20 33 4380

20 34 2880

20 35 4440

20 36 4000

20 37 9320

20 38 6140

20 39 7880

20 40 12000

20 41 4560

20 42 7120

20 43 22540

20 44 25340

20 45 6660

20 46 5260

20 47 3880

20 48 12100

20 49 16340

20 50 26880

20 51 24500

20 52 6300

20 53 6560

20 54 18120

20 55 23980

20 56 35340

20 57 40340

20 58 5780

20 59 41680

20 60 32560

20 61 12800

20 62 11140

20 63 4800

20 64 3140

20 65 16080

20 66 27820

20 67 5880

20 68 14660

20 69 13020

20 70 2120

20 71 8520

20 72 9200

20 73 7200

20 74 15080

20 75 3020

20 76 7000

20 77 13380

20 78 12260

20 79 6100

20 80 29920

20 81 3980

20 82 10340

20 83 9600

20 84 30160

20 85 19040

20 86 8700

20 87 3620

20 88 15780

20 89 18660

20 90 34920

20 91 13980

20 92 16980

20 93 9540

20 94 7380

20 95 3540

20 96 10240

20 97 13960

20 98 35260

20 99 4180

25 0 14825

25 1 9350

25 2 40000

25 3 14000

25 4 45600

25 5 36400

25 6 38975

25 7 73725

25 8 8950

25 9 18675

25 10 15500

25 11 18675

25 12 29575

25 13 9675

25 14 67125

25 15 14550

25 16 94700

25 17 5275

25 18 28175

25 19 7200

25 20 21975

25 21 20875

25 22 8825

25 23 26850

25 24 55650

25 25 26950

25 26 60125

25 27 56425

25 28 11975

25 29 20000

25 30 14025

25 31 6250

25 32 43700

25 33 14750

25 34 20250

25 35 49250

25 36 22175

25 37 48725

25 38 3650

25 39 39150

25 40 13550

25 41 27450

25 42 19500

25 43 15550

25 44 8375

25 45 18125

25 46 16850

25 47 19575

25 48 33450

25 49 9125

25 50 30950

25 51 26200

25 52 18000

25 53 6200

25 54 22125

25 55 11800

25 56 22900

25 57 18275

25 58 8900

25 59 10750

25 60 21725

25 61 88450

25 62 3825

25 63 10275

25 64 9250

25 65 1100

25 66 6250

25 67 52300

25 68 5575

25 69 11450

25 70 6775

25 71 10100

25 72 56250

25 73 33250

25 74 22075

25 75 19150

25 76 15125

25 77 18825

25 78 13825

25 79 9050

25 80 11900

25 81 20875

25 82 40725

25 83 15975

25 84 13900

25 85 52575

25 86 75675

25 87 51450

25 88 7325

25 89 24100

25 90 24500

25 91 48050

25 92 64150

25 93 6225

25 94 1900

25 95 22850

25 96 58400

25 97 8625

25 98 3775

25 99 43925

30 0 26220

30 1 34800

30 2 2010

30 3 22560

30 4 45450

30 5 59010

30 6 37380

30 7 97200

30 8 25260

30 9 30990

30 10 108780

30 11 54870

30 12 29340

30 13 26640

30 14 14370

30 15 50400

30 16 54090

30 17 41130

30 18 54300

30 19 17160

30 20 52740

30 21 18510

30 22 23190

30 23 36060

30 24 98460

30 25 9930

30 26 38220

30 27 10620

30 28 26940

30 29 37560

30 30 17880

30 31 23370

30 32 14670

30 33 36180

30 34 66840

30 35 130050

30 36 45330

30 37 44130

30 38 45870

30 39 78270

30 40 48120

30 41 22170

30 42 89700

30 43 12780

30 44 65790

30 45 128970

30 46 9930

30 47 18690

30 48 59160

30 49 36720

30 50 37590

30 51 90300

30 52 55920

30 53 19590

30 54 32610

30 55 11250

30 56 44250

30 57 18060

30 58 14700

30 59 11850

30 60 42120

30 61 64500

30 62 32100

30 63 24450

30 64 17580

30 65 79560

30 66 25470

30 67 79230

30 68 52080

30 69 25110

30 70 295290

30 71 40500

30 72 26970

30 73 60300

30 74 53100

30 75 24330

30 76 18090

30 77 17550

30 78 24570

30 79 28980

30 80 37050

30 81 9600

30 82 60480

30 83 26040

30 84 16320

30 85 14040

30 86 45510

30 87 7560

30 88 6270

30 89 44460

30 90 32670

30 91 72030

30 92 109770

30 93 48210

30 94 10590

30 95 6330

30 96 31920

30 97 21540

30 98 102060

30 99 18030

35 0 99120

35 1 43645

35 2 20790

35 3 66605

35 4 179480

35 5 64715

35 6 22995

35 7 29120

35 8 185955

35 9 65975

35 10 105490

35 11 93765

35 12 34965

35 13 41650

35 14 96390

35 15 24465

35 16 197155

35 17 30135

35 18 91070

35 19 16975

35 20 30100

35 21 18025

35 22 91595

35 23 70525

35 24 103635

35 25 23205

35 26 20055

35 27 84910

35 28 105315

35 29 71680

35 30 118825

35 31 21000

35 32 154665

35 33 239575

35 34 31815

35 35 84980

35 36 43715

35 37 283080

35 38 80710

35 39 65135

35 40 160510

35 41 80605

35 42 110810

35 43 109550

35 44 69125

35 45 29680

35 46 58660

35 47 100520

35 48 31920

35 49 22715

35 50 49350

35 51 9310

35 52 34860

35 53 79345

35 54 67025

35 55 81025

35 56 53935

35 57 45045

35 58 94675

35 59 22680

35 60 224630

35 61 39620

35 62 78400

35 63 84805

35 64 12075

35 65 58730

35 66 84385

35 67 26985

35 68 95375

35 69 44800

35 70 111090

35 71 220150

35 72 39690

35 73 62790

35 74 113400

35 75 88725

35 76 112140

35 77 57715

35 78 14175

35 79 21735

35 80 80640

35 81 57260

35 82 39760

35 83 39305

35 84 11375

35 85 534660

35 86 52325

35 87 24220

35 88 84875

35 89 50260

35 90 123340

35 91 28595

35 92 162400

35 93 206885

35 94 73570

35 95 111090

35 96 59640

35 97 18655

35 98 28420

35 99 209510

40 0 95040

40 1 55960

40 2 120920

40 3 122280

40 4 89720

40 5 62280

40 6 218960

40 7 37800

40 8 33240

40 9 55920

40 10 37000

40 11 109360

40 12 79920

40 13 119400

40 14 218720

40 15 152480

40 16 89840

40 17 405720

40 18 75520

40 19 332720

40 20 134920

40 21 79840

40 22 39520

40 23 65080

40 24 53400

40 25 41280

40 26 74120

40 27 161400

40 28 373920

40 29 111360

40 30 115640

40 31 150400

40 32 349040

40 33 216840

40 34 86040

40 35 123960

40 36 110960

40 37 194240

40 38 201480

40 39 141080

40 40 119720

40 41 33240

40 42 245080

40 43 72080

40 44 45960

40 45 90840

40 46 32640

40 47 115680

40 48 200480

40 49 52320

40 50 144240

40 51 101760

40 52 95560

40 53 115880

40 54 235640

40 55 43640

40 56 44800

40 57 109920

40 58 74280

40 59 58000

40 60 20720

40 61 167800

40 62 197840

40 63 39680

40 64 61320

40 65 52400

40 66 378680

40 67 116120

40 68 67280

40 69 50000

40 70 22120

40 71 139360

40 72 57400

40 73 32840

40 74 59920

40 75 201600

40 76 177360

40 77 303160

40 78 36440

40 79 168080

40 80 50360

40 81 342720

40 82 87640

40 83 21760

40 84 114080

40 85 325000

40 86 55480

40 87 490240

40 88 177600

40 89 54000

40 90 221040

40 91 59600

40 92 127840

40 93 31880

40 94 71040

40 95 43600

40 96 21520

40 97 60440

40 98 87360

40 99 439280

45 0 467460

45 1 278415

45 2 94095

45 3 277470

45 4 85545

45 5 69750

45 6 80505

45 7 84780

45 8 252360

45 9 98775

45 10 211230

45 11 166545

45 12 201825

45 13 69525

45 14 51795

45 15 227970

45 16 176220

45 17 32580

45 18 103815

45 19 159120

45 20 41985

45 21 42210

45 22 284625

45 23 77220

45 24 27225

45 25 112230

45 26 250155

45 27 248220

45 28 278955

45 29 144090

45 30 178965

45 31 76860

45 32 49320

45 33 73125

45 34 108315

45 35 126090

45 36 63180

45 37 19980

45 38 118035

45 39 64440

45 40 132570

45 41 278550

45 42 213435

45 43 93465

45 44 65610

45 45 566820

45 46 146340

45 47 141390

45 48 74385

45 49 122220

45 50 369630

45 51 113940

45 52 59040

45 53 93510

45 54 103770

45 55 100485

45 56 56070

45 57 93465

45 58 70695

45 59 97335

45 60 90360

45 61 89460

45 62 193365

45 63 66015

45 64 106470

45 65 123210

45 66 179460

45 67 252675

45 68 304425

45 69 51705

45 70 53370

45 71 186210

45 72 167535

45 73 44100

45 74 84915

45 75 65700

45 76 97920

45 77 120960

45 78 41445

45 79 56025

45 80 77490

45 81 210060

45 82 437985

45 83 137070

45 84 60345

45 85 382140

45 86 366120

45 87 144360

45 88 159975

45 89 90540

45 90 67230

45 91 133065

45 92 206055

45 93 265950

45 94 139005

45 95 396180

45 96 104040

45 97 166275

45 98 258480

45 99 91305

50 0 156800

50 1 348350

50 2 220450

50 3 123050

50 4 437250

50 5 265700

50 6 227100

50 7 59150

50 8 303650

50 9 534400

50 10 145150

50 11 124000

50 12 525300

50 13 205100

50 14 1071250

50 15 74450

50 16 212650

50 17 99150

50 18 210450

50 19 637300

50 20 81250

50 21 476550

50 22 169400

50 23 109600

50 24 122700

50 25 241050

50 26 48050

50 27 114150

50 28 96500

50 29 128250

50 30 145250

50 31 107000

50 32 76300

50 33 37950

50 34 30050

50 35 74050

50 36 396800

50 37 89200

50 38 89250

50 39 200050

50 40 243000

50 41 408250

50 42 50850

50 43 132800

50 44 105900

50 45 205950

50 46 336400

50 47 514950

50 48 140200

50 49 181600

50 50 327100

50 51 418400

50 52 343600

50 53 131700

50 54 369750

50 55 107600

50 56 349700

50 57 126950

50 58 60650

50 59 295100

50 60 395600

50 61 164550

50 62 144150

50 63 89200

50 64 64950

50 65 181550

50 66 135450

50 67 117950

50 68 64400

50 69 279550

50 70 354750

50 71 242650

50 72 229850

50 73 133350

50 74 468000

50 75 440650

50 76 131450

50 77 214250

50 78 180400

50 79 305650

50 80 73150

50 81 329400

50 82 120650

50 83 128900

50 84 93200

50 85 151000

50 86 185100

50 87 63100

50 88 303450

50 89 290600

50 90 147400

50 91 506050

50 92 246700

50 93 243650

50 94 363950

50 95 209050

50 96 141050

50 97 536150

50 98 333000

50 99 560500

