2 0 53500

2 1 101800

2 2 61500

2 3 63700

2 4 60400

2 5 57000

2 6 47900

2 7 138700

2 8 59600

2 9 36600

2 10 63700

2 11 65900

2 12 37500

2 13 62400

2 14 36200

2 15 57000

2 16 44000

2 17 66100

2 18 38800

2 19 43600

2 20 45500

2 21 119100

2 22 51600

2 23 43600

2 24 48600

2 25 102800

2 26 57700

2 27 56800

2 28 89000

2 29 56000

2 30 72100

2 31 72600

2 32 45800

2 33 60200

2 34 58000

2 35 46700

2 36 42600

2 37 66600

2 38 54900

2 39 56600

2 40 76600

2 41 32300

2 42 58200

2 43 93700

2 44 41700

2 45 93100

2 46 96900

2 47 57100

2 48 76300

2 49 46700

2 50 68400

2 51 130200

2 52 74600

2 53 47600

2 54 60000

2 55 89800

2 56 67800

2 57 70500

2 58 51600

2 59 61200

2 60 86000

2 61 50600

2 62 53800

2 63 67600

2 64 68900

2 65 58200

2 66 86500

2 67 51900

2 68 69900

2 69 83000

2 70 37000

2 71 91400

2 72 60100

2 73 86700

2 74 93100

2 75 73300

2 76 54800

2 77 66300

2 78 99600

2 79 69000

2 80 48600

2 81 62600

2 82 40300

2 83 49000

2 84 88300

2 85 50900

2 86 100700

2 87 35000

2 88 82900

2 89 71600

2 90 63100

2 91 39000

2 92 37400

2 93 66000

2 94 95100

2 95 105700

2 96 51900

2 97 63400

2 98 49700

2 99 51100

3 0 1207700

3 1 1719600

3 2 3051600

3 3 1622400

3 4 1362700

3 5 1370700

3 6 1477200

3 7 632300

3 8 1407600

3 9 913600

3 10 3972600

3 11 1730900

3 12 631700

3 13 1406700

3 14 762200

3 15 1443700

3 16 4037700

3 17 1344500

3 18 4952400

3 19 576100

3 20 1385500

3 21 1366400

3 22 6389400

3 23 2217800

3 24 4025500

3 25 1693100

3 26 4441200

3 27 574600

3 28 2383100

3 29 1021200

3 30 485200

3 31 2488300

3 32 2389300

3 33 736300

3 34 1765100

3 35 1985900

3 36 905100

3 37 2700600

3 38 1554000

3 39 1993600

3 40 2040600

3 41 1683400

3 42 2700300

3 43 677500

3 44 463500

3 45 1542200

3 46 1874200

3 47 1376100

3 48 322500

3 49 1947900

3 50 1869300

3 51 2052900

3 52 1957300

3 53 1248000

3 54 3312000

3 55 3339800

3 56 5018800

3 57 1313400

3 58 2646700

3 59 331300

3 60 2405200

3 61 537000

3 62 3157000

3 63 2256200

3 64 2957400

3 65 606800

3 66 1095400

3 67 1097800

3 68 853300

3 69 1592800

3 70 2522200

3 71 2307700

3 72 2444700

3 73 583200

3 74 1093900

3 75 524700

3 76 5964100

3 77 969400

3 78 3700300

3 79 2652800

3 80 1610400

3 81 4575900

3 82 2395500

3 83 933600

3 84 934000

3 85 1070700

3 86 1302400

3 87 1336700

3 88 369300

3 89 990300

3 90 598200

3 91 1832500

3 92 613200

3 93 483400

3 94 3283600

3 95 3955300

3 96 1281000

3 97 3253500

3 98 1088600

3 99 4149000

4 0 1107500

4 1 571100

4 2 759400

4 3 2709700

4 4 1695900

4 5 2477000

4 6 433900

4 7 776700

4 8 525900

4 9 2122800

4 10 680100

4 11 753500

4 12 962600

4 13 346200

4 14 555800

4 15 786100

4 16 363700

4 17 1635900

4 18 1437800

4 19 217100

4 20 514000

4 21 497200

4 22 2287600

4 23 550000

4 24 239600

4 25 3982400

4 26 885200

4 27 645800

4 28 3006300

4 29 938500

4 30 1252600

4 31 2020700

4 32 1707600

4 33 1159300

4 34 1229200

4 35 1597000

4 36 771700

4 37 792000

4 38 1651700

4 39 1763000

4 40 1349300

4 41 980100

4 42 230700

4 43 1036500

4 44 511300

4 45 966400

4 46 2200800

4 47 1067500

4 48 2366400

4 49 468700

4 50 570100

4 51 1233300

4 52 370700

4 53 1352500

4 54 7783400

4 55 555500

4 56 638800

4 57 373800

4 58 3627800

4 59 1807200

4 60 1116800

4 61 320000

4 62 2006600

4 63 2305800

4 64 1274900

4 65 810400

4 66 430300

4 67 313700

4 68 1019900

4 69 563000

4 70 895400

4 71 2997700

4 72 726700

4 73 159100

4 74 758400

4 75 898300

4 76 877000

4 77 1288400

4 78 354800

4 79 628100

4 80 1611700

4 81 1842700

4 82 1149500

4 83 927000

4 84 1439200

4 85 1115000

4 86 1114600

4 87 830200

4 88 2021200

4 89 268000

4 90 208100

4 91 810600

4 92 2894300

4 93 1580200

4 94 416300

4 95 497700

4 96 1320200

4 97 596600

4 98 1172200

4 99 691700

5 0 744300

5 1 282900

5 2 1422900

5 3 530500

5 4 554600

5 5 334400

5 6 324100

5 7 213800

5 8 1517700

5 9 2328700

5 10 838900

5 11 620300

5 12 1372500

5 13 395400

5 14 459200

5 15 945800

5 16 801000

5 17 216000

5 18 148000

5 19 271900

5 20 334800

5 21 1177100

5 22 748800

5 23 796200

5 24 1155400

5 25 463500

5 26 845800

5 27 1648300

5 28 344200

5 29 459900

5 30 192900

5 31 524900

5 32 638000

5 33 440200

5 34 1141700

5 35 546200

5 36 431700

5 37 246200

5 38 960700

5 39 633600

5 40 728700

5 41 289900

5 42 252200

5 43 233200

5 44 167100

5 45 714200

5 46 201300

5 47 124000

5 48 742500

5 49 549100

5 50 217400

5 51 973700

5 52 1440600

5 53 374600

5 54 1462500

5 55 192900

5 56 439800

5 57 484400

5 58 531400

5 59 529100

5 60 1597600

5 61 222600

5 62 1315500

5 63 682500

5 64 539200

5 65 528100

5 66 625200

5 67 1070500

5 68 728200

5 69 550000

5 70 783100

5 71 607800

5 72 452300

5 73 582200

5 74 865700

5 75 1739900

5 76 685400

5 77 493400

5 78 109200

5 79 838000

5 80 930200

5 81 798300

5 82 480200

5 83 188500

5 84 446300

5 85 894400

5 86 338800

5 87 481600

5 88 300900

5 89 841000

5 90 989200

5 91 469300

5 92 270600

5 93 491500

5 94 421100

5 95 584900

5 96 1172600

5 97 489800

5 98 257300

5 99 286500

6 0 304400

6 1 188900

6 2 241000

6 3 88300

6 4 230000

6 5 340000

6 6 577200

6 7 355100

6 8 611200

6 9 302300

6 10 1384300

6 11 666200

6 12 268400

6 13 616200

6 14 84400

6 15 550600

6 16 281800

6 17 312700

6 18 383700

6 19 693500

6 20 506600

6 21 214500

6 22 641500

6 23 616500

6 24 605100

6 25 204300

6 26 1484200

6 27 152800

6 28 511700

6 29 222200

6 30 254000

6 31 220700

6 32 392900

6 33 384700

6 34 124000

6 35 678300

6 36 89600

6 37 411500

6 38 634300

6 39 1639900

6 40 172000

6 41 626700

6 42 520500

6 43 280500

6 44 742400

6 45 206200

6 46 701800

6 47 156100

6 48 747400

6 49 608000

6 50 108400

6 51 232000

6 52 573700

6 53 1044100

6 54 406000

6 55 523000

6 56 672100

6 57 353800

6 58 814500

6 59 142300

6 60 301900

6 61 161600

6 62 380500

6 63 291000

6 64 522900

6 65 179000

6 66 220200

6 67 643500

6 68 2010800

6 69 142100

6 70 606800

6 71 168500

6 72 191500

6 73 422700

6 74 434700

6 75 1133800

6 76 251000

6 77 921800

6 78 187400

6 79 363500

6 80 326200

6 81 944500

6 82 275700

6 83 180800

6 84 1226400

6 85 356300

6 86 1022200

6 87 474800

6 88 1762400

6 89 301500

6 90 338800

6 91 257300

6 92 226600

6 93 534900

6 94 562700

6 95 654400

6 96 94800

6 97 1800500

6 98 1392600

6 99 55900

7 0 67200

7 1 177900

7 2 448600

7 3 257500

7 4 423800

7 5 319900

7 6 453500

7 7 602500

7 8 501000

7 9 308600

7 10 85600

7 11 267300

7 12 204600

7 13 434200

7 14 665400

7 15 83300

7 16 226900

7 17 535000

7 18 539800

7 19 386500

7 20 262300

7 21 435900

7 22 353500

7 23 105000

7 24 369300

7 25 140100

7 26 260000

7 27 181700

7 28 330500

7 29 126000

7 30 88600

7 31 171800

7 32 250300

7 33 68800

7 34 858100

7 35 143800

7 36 902100

7 37 478100

7 38 168700

7 39 419200

7 40 383500

7 41 618300

7 42 144900

7 43 328200

7 44 63000

7 45 49400

7 46 460800

7 47 880100

7 48 1004600

7 49 1386300

7 50 1482500

7 51 127500

7 52 114200

7 53 245900

7 54 191100

7 55 391300

7 56 590200

7 57 152900

7 58 670300

7 59 700800

7 60 187300

7 61 498200

7 62 481500

7 63 92000

7 64 107400

7 65 388500

7 66 540700

7 67 61500

7 68 263200

7 69 41900

7 70 841700

7 71 389000

7 72 137000

7 73 58700

7 74 457600

7 75 85600

7 76 856200

7 77 485600

7 78 384900

7 79 195200

7 80 437200

7 81 123400

7 82 354600

7 83 360700

7 84 301500

7 85 183000

7 86 307500

7 87 162800

7 88 635000

7 89 327100

7 90 315300

7 91 136100

7 92 709300

7 93 279200

7 94 737000

7 95 917600

7 96 256200

7 97 157200

7 98 173900

7 99 48400

8 0 124400

8 1 166200

8 2 184400

8 3 240900

8 4 177500

8 5 222400

8 6 400700

8 7 418200

8 8 339900

8 9 924100

8 10 488300

8 11 200300

8 12 245600

8 13 374900

8 14 494600

8 15 108400

8 16 96800

8 17 215700

8 18 368300

8 19 99700

8 20 352800

8 21 499900

8 22 30100

8 23 105700

8 24 128200

8 25 82300

8 26 114800

8 27 101800

8 28 198300

8 29 93900

8 30 125000

8 31 211600

8 32 136300

8 33 158600

8 34 148800

8 35 103100

8 36 230400

8 37 807900

8 38 153100

8 39 255500

8 40 484500

8 41 141100

8 42 220300

8 43 52900

8 44 202400

8 45 599100

8 46 154200

8 47 253300

8 48 104700

8 49 192400

8 50 253900

8 51 329300

8 52 216700

8 53 58800

8 54 228200

8 55 720900

8 56 138900

8 57 123400

8 58 164500

8 59 164200

8 60 355200

8 61 203000

8 62 70800

8 63 217000

8 64 78500

8 65 36600

8 66 113300

8 67 671300

8 68 143200

8 69 71600

8 70 148400

8 71 134500

8 72 93200

8 73 169800

8 74 81300

8 75 133800

8 76 145200

8 77 133500

8 78 194300

8 79 298500

8 80 126700

8 81 114500

8 82 438600

8 83 126000

8 84 48800

8 85 329800

8 86 115600

8 87 91100

8 88 453100

8 89 458700

8 90 545800

8 91 161100

8 92 85000

8 93 130200

8 94 122000

8 95 152500

8 96 220700

8 97 196000

8 98 76300

8 99 317900

9 0 230500

9 1 126600

9 2 167800

9 3 102800

9 4 325000

9 5 51900

9 6 42500

9 7 309700

9 8 203300

9 9 379000

9 10 153800

9 11 51000

9 12 109800

9 13 159800

9 14 298200

9 15 427600

9 16 62200

9 17 85700

9 18 124400

9 19 116200

9 20 275200

9 21 207500

9 22 156900

9 23 162600

9 24 82100

9 25 233000

9 26 165600

9 27 91200

9 28 131000

9 29 204700

9 30 97400

9 31 69200

9 32 56600

9 33 243200

9 34 666100

9 35 173700

9 36 144100

9 37 165800

9 38 66400

9 39 145600

9 40 378700

9 41 121400

9 42 290900

9 43 94000

9 44 149500

9 45 119200

9 46 187400

9 47 80700

9 48 54600

9 49 62200

9 50 123700

9 51 153000

9 52 302700

9 53 174500

9 54 234300

9 55 108100

9 56 190100

9 57 125000

9 58 107100

9 59 65800

9 60 159300

9 61 122600

9 62 43900

9 63 242700

9 64 134200

9 65 352900

9 66 45100

9 67 383400

9 68 698500

9 69 145000

9 70 550400

9 71 370300

9 72 176000

9 73 84500

9 74 109400

9 75 74100

9 76 148700

9 77 177200

9 78 439600

9 79 190100

9 80 33400

9 81 84100

9 82 280600

9 83 51800

9 84 354400

9 85 177100

9 86 165300

9 87 156200

9 88 122700

9 89 53900

9 90 823900

9 91 145300

9 92 521200

9 93 97100

9 94 50100

9 95 55900

9 96 272500

9 97 312800

9 98 188800

9 99 56300

10 0 59500

10 1 156600

10 2 31700

10 3 137600

10 4 134700

10 5 56400

10 6 125500

10 7 111600

10 8 76200

10 9 116800

10 10 140700

10 11 440200

10 12 241700

10 13 293100

10 14 140600

10 15 119500

10 16 291000

10 17 152400

10 18 189000

10 19 53700

10 20 156800

10 21 44400

10 22 96500

10 23 217400

10 24 436500

10 25 26800

10 26 79400

10 27 157900

10 28 228100

10 29 119300

10 30 260500

10 31 395400

10 32 217100

10 33 340100

10 34 179800

10 35 103000

10 36 30400

10 37 98500

10 38 99500

10 39 422200

10 40 49500

10 41 287500

10 42 183100

10 43 239500

10 44 29000

10 45 94900

10 46 64600

10 47 46900

10 48 124100

10 49 233700

10 50 126700

10 51 254900

10 52 175700

10 53 95000

10 54 13000

10 55 160000

10 56 268700

10 57 191400

10 58 143700

10 59 289200

10 60 36300

10 61 137500

10 62 77100

10 63 197900

10 64 77600

10 65 71500

10 66 209800

10 67 233700

10 68 53500

10 69 183800

10 70 109900

10 71 255300

10 72 74200

10 73 90300

10 74 18100

10 75 96400

10 76 303300

10 77 247500

10 78 445900

10 79 82100

10 80 48800

10 81 298300

10 82 32000

10 83 62700

10 84 73500

10 85 50400

10 86 317200

10 87 26400

10 88 111500

10 89 311100

10 90 360900

10 91 27400

10 92 269800

10 93 285900

10 94 286100

10 95 210900

10 96 286000

10 97 100800

10 98 110400

10 99 45000

