1 0 1660

1 1 23740

1 2 17480

1 3 7780

1 4 1780

1 5 6080

1 6 2380

1 7 1660

1 8 1800

1 9 1340

1 10 9520

1 11 3980

1 12 2600

1 13 5960

1 14 4040

1 15 7660

1 16 1500

1 17 9240

1 18 6060

1 19 5860

1 20 3740

1 21 1260

1 22 2060

1 23 3800

1 24 3160

1 25 3200

1 26 4840

1 27 6280

1 28 2380

1 29 6700

1 30 1500

1 31 4280

1 32 14400

1 33 6800

1 34 8540

1 35 5480

1 36 1920

1 37 500

1 38 8020

1 39 21000

1 40 1600

1 41 9280

1 42 1100

1 43 12840

1 44 1380

1 45 2140

1 46 3100

1 47 1800

1 48 1680

1 49 880

1 50 9880

1 51 20620

1 52 4600

1 53 17600

1 54 8760

1 55 7860

1 56 10140

1 57 7560

1 58 3280

1 59 1840

1 60 1800

1 61 9180

1 62 14520

1 63 6460

1 64 7400

1 65 9940

1 66 2660

1 67 1680

1 68 6740

1 69 3480

1 70 5960

1 71 11220

1 72 1300

1 73 3820

1 74 3780

1 75 1560

1 76 3640

1 77 960

1 78 460

1 79 7320

1 80 2420

1 81 3080

1 82 11440

1 83 3780

1 84 3360

1 85 4760

1 86 12680

1 87 15280

1 88 3720

1 89 9120

1 90 7000

1 91 1700

1 92 2120

1 93 4260

1 94 10180

1 95 1420

1 96 10940

1 97 640

1 98 7600

1 99 6560

2 0 7120

2 1 2700

2 2 18120

2 3 10040

2 4 780

2 5 4620

2 6 360

2 7 4100

2 8 1980

2 9 4880

2 10 6460

2 11 3760

2 12 3640

2 13 3580

2 14 660

2 15 3520

2 16 1300

2 17 4220

2 18 3020

2 19 2340

2 20 10960

2 21 4180

2 22 1400

2 23 8700

2 24 3120

2 25 1100

2 26 6440

2 27 9620

2 28 2400

2 29 4080

2 30 1760

2 31 1740

2 32 1120

2 33 4300

2 34 7060

2 35 900

2 36 1580

2 37 1220

2 38 3600

2 39 1000

2 40 5580

2 41 660

2 42 420

2 43 19600

2 44 2400

2 45 7240

2 46 840

2 47 9180

2 48 3500

2 49 1720

2 50 3540

2 51 3880

2 52 600

2 53 2360

2 54 5160

2 55 5640

2 56 2480

2 57 12740

2 58 1540

2 59 1640

2 60 2280

2 61 740

2 62 2880

2 63 2180

2 64 1980

2 65 7180

2 66 580

2 67 680

2 68 820

2 69 1440

2 70 1500

2 71 680

2 72 880

2 73 8220

2 74 5020

2 75 1720

2 76 13340

2 77 940

2 78 4720

2 79 1220

2 80 6080

2 81 9140

2 82 21220

2 83 3060

2 84 8020

2 85 2900

2 86 1440

2 87 800

2 88 12260

2 89 1180

2 90 2620

2 91 2640

2 92 1240

2 93 2360

2 94 500

2 95 2100

2 96 4360

2 97 2640

2 98 1360

2 99 1100

3 0 680

3 1 2440

3 2 4460

3 3 6180

3 4 9940

3 5 800

3 6 320

3 7 2100

3 8 440

3 9 9420

3 10 3060

3 11 10920

3 12 2840

3 13 6960

3 14 7500

3 15 11320

3 16 1060

3 17 640

3 18 11440

3 19 9100

3 20 2080

3 21 1740

3 22 3300

3 23 2680

3 24 2040

3 25 940

3 26 4420

3 27 1920

3 28 3720

3 29 2120

3 30 1640

3 31 2880

3 32 800

3 33 7080

3 34 3460

3 35 2840

3 36 2640

3 37 1040

3 38 2240

3 39 8340

3 40 6580

3 41 4140

3 42 24840

3 43 5120

3 44 5160

3 45 5260

3 46 1300

3 47 2140

3 48 1680

3 49 3280

3 50 6680

3 51 5100

3 52 1720

3 53 1420

3 54 10380

3 55 1080

3 56 8600

3 57 1480

3 58 12180

3 59 1180

3 60 2180

3 61 6000

3 62 5300

3 63 4880

3 64 7880

3 65 7420

3 66 2680

3 67 13780

3 68 700

3 69 7000

3 70 1040

3 71 900

3 72 3900

3 73 4400

3 74 1280

3 75 800

3 76 2780

3 77 3600

3 78 6020

3 79 1400

3 80 780

3 81 1540

3 82 1260

3 83 5500

3 84 6840

3 85 1960

3 86 3440

3 87 3080

3 88 6860

3 89 10260

3 90 1620

3 91 8280

3 92 6980

3 93 1840

3 94 7800

3 95 2580

3 96 1660

3 97 3120

3 98 800

3 99 3040

4 0 8660

4 1 4780

4 2 17980

4 3 1660

4 4 1540

4 5 5080

4 6 1240

4 7 7040

4 8 740

4 9 2260

4 10 3400

4 11 1460

4 12 9640

4 13 280

4 14 2320

4 15 7600

4 16 5780

4 17 14040

4 18 2540

4 19 8100

4 20 3700

4 21 3440

4 22 8760

4 23 9200

4 24 5040

4 25 2080

4 26 2820

4 27 300

4 28 4580

4 29 1480

4 30 24600

4 31 5060

4 32 1480

4 33 3560

4 34 4480

4 35 5660

4 36 15120

4 37 3020

4 38 2900

4 39 2080

4 40 23000

4 41 8840

4 42 4340

4 43 1500

4 44 2860

4 45 1660

4 46 4000

4 47 1020

4 48 5500

4 49 5400

4 50 6720

4 51 1820

4 52 2680

4 53 2540

4 54 400

4 55 1200

4 56 12260

4 57 600

4 58 1160

4 59 3640

4 60 4340

4 61 10180

4 62 480

4 63 3040

4 64 3820

4 65 4340

4 66 8980

4 67 3840

4 68 3000

4 69 3980

4 70 10240

4 71 2400

4 72 13080

4 73 5960

4 74 6080

4 75 300

4 76 3060

4 77 2280

4 78 2060

4 79 8800

4 80 4520

4 81 1000

4 82 820

4 83 2660

4 84 9460

4 85 3460

4 86 500

4 87 9380

4 88 7740

4 89 2620

4 90 3440

4 91 15900

4 92 2900

4 93 3060

4 94 780

4 95 1520

4 96 360

4 97 860

4 98 5380

4 99 3120

5 0 3100

5 1 8420

5 2 24120

5 3 4300

5 4 5960

5 5 380

5 6 11500

5 7 3320

5 8 1540

5 9 14880

5 10 16320

5 11 16880

5 12 2980

5 13 3720

5 14 5240

5 15 2140

5 16 6300

5 17 6460

5 18 7040

5 19 11220

5 20 31600

5 21 10620

5 22 4520

5 23 1440

5 24 19880

5 25 1700

5 26 5880

5 27 1180

5 28 31160

5 29 1500

5 30 13080

5 31 18200

5 32 8260

5 33 2460

5 34 2080

5 35 3400

5 36 10120

5 37 3220

5 38 2260

5 39 15860

5 40 8660

5 41 30860

5 42 4580

5 43 20780

5 44 19720

5 45 3120

5 46 3860

5 47 1200

5 48 2760

5 49 10300

5 50 52300

5 51 1160

5 52 11080

5 53 2720

5 54 7260

5 55 440

5 56 2440

5 57 7700

5 58 760

5 59 13320

5 60 5640

5 61 22320

5 62 12260

5 63 16220

5 64 11040

5 65 10000

5 66 8300

5 67 1600

5 68 12220

5 69 11540

5 70 15500

5 71 11440

5 72 42020

5 73 9740

5 74 22360

5 75 1060

5 76 980

5 77 9020

5 78 3040

5 79 2340

5 80 3200

5 81 6540

5 82 4740

5 83 6000

5 84 600

5 85 3780

5 86 700

5 87 500

5 88 4000

5 89 7780

5 90 14080

5 91 1380

5 92 380

5 93 740

5 94 22620

5 95 15700

5 96 2280

5 97 2040

5 98 6720

5 99 2660

6 0 10900

6 1 14740

6 2 5300

6 3 21560

6 4 10100

6 5 38720

6 6 14360

6 7 10540

6 8 16400

6 9 1440

6 10 11040

6 11 5020

6 12 37260

6 13 15820

6 14 2720

6 15 6560

6 16 15520

6 17 1920

6 18 8200

6 19 9300

6 20 1340

6 21 5260

6 22 1760

6 23 2360

6 24 2740

6 25 24060

6 26 15920

6 27 4620

6 28 8200

6 29 13480

6 30 5300

6 31 1540

6 32 2620

6 33 4140

6 34 8540

6 35 21480

6 36 23520

6 37 6980

6 38 2220

6 39 8480

6 40 1420

6 41 14140

6 42 16780

6 43 10160

6 44 19940

6 45 2840

6 46 10120

6 47 19700

6 48 940

6 49 10120

6 50 7060

6 51 30980

6 52 18380

6 53 1020

6 54 6460

6 55 10360

6 56 12700

6 57 12400

6 58 8980

6 59 6380

6 60 7060

6 61 13920

6 62 12000

6 63 20660

6 64 12640

6 65 740

6 66 4040

6 67 1520

6 68 1800

6 69 14660

6 70 7020

6 71 1800

6 72 1480

6 73 1700

6 74 1220

6 75 15100

6 76 1700

6 77 27100

6 78 15360

6 79 33920

6 80 6020

6 81 35780

6 82 31100

6 83 11720

6 84 4180

6 85 12540

6 86 11160

6 87 15140

6 88 1260

6 89 6760

6 90 2900

6 91 33780

6 92 38840

6 93 3260

6 94 14200

6 95 11060

6 96 360

6 97 1300

6 98 820

6 99 580

7 0 5780

7 1 2160

7 2 4960

7 3 7800

7 4 11700

7 5 25120

7 6 1160

7 7 42960

7 8 31820

7 9 21100

7 10 19260

7 11 78920

7 12 21600

7 13 1280

7 14 26180

7 15 24580

7 16 7400

7 17 19800

7 18 36600

7 19 13860

7 20 3580

7 21 11360

7 22 6080

7 23 2520

7 24 9000

7 25 5200

7 26 34860

7 27 16980

7 28 28080

7 29 560

7 30 14680

7 31 10120

7 32 23340

7 33 5460

7 34 31440

7 35 11920

7 36 8420

7 37 13880

7 38 19860

7 39 3820

7 40 13340

7 41 59900

7 42 17180

7 43 11580

7 44 50820

7 45 16560

7 46 36020

7 47 7040

7 48 34320

7 49 21120

7 50 41580

7 51 12240

7 52 19900

7 53 440

7 54 620

7 55 14780

7 56 58300

7 57 10740

7 58 18660

7 59 12080

7 60 32060

7 61 24680

7 62 33960

7 63 20820

7 64 4400

7 65 13400

7 66 3380

7 67 13420

7 68 49780

7 69 3740

7 70 39080

7 71 21400

7 72 720

7 73 8160

7 74 24700

7 75 32780

7 76 29840

7 77 3300

7 78 5880

7 79 51460

7 80 24320

7 81 860

7 82 48500

7 83 19860

7 84 74640

7 85 58200

7 86 5800

7 87 6360

7 88 3540

7 89 6560

7 90 27180

7 91 15420

7 92 91520

7 93 8880

7 94 11960

7 95 46820

7 96 23240

7 97 91060

7 98 17900

7 99 98900

