2 0 25600

2 1 46000

2 2 51200

2 3 39300

2 4 35600

2 5 28400

2 6 35600

2 7 27300

2 8 52600

2 9 29400

2 10 38400

2 11 32000

2 12 32100

2 13 30400

2 14 34500

2 15 22800

2 16 31900

2 17 38700

2 18 31400

2 19 46400

2 20 39400

2 21 47000

2 22 46400

2 23 35300

2 24 44100

2 25 41600

2 26 34300

2 27 37300

2 28 46300

2 29 27600

2 30 51400

2 31 30500

2 32 44500

2 33 29900

2 34 42300

2 35 28000

2 36 45000

2 37 58100

2 38 24200

2 39 32200

2 40 44700

2 41 43700

2 42 23100

2 43 40700

2 44 48000

2 45 38500

2 46 36900

2 47 31200

2 48 34900

2 49 32700

2 50 35800

2 51 24300

2 52 49800

2 53 41100

2 54 45500

2 55 27400

2 56 46500

2 57 38700

2 58 28700

2 59 36000

2 60 34700

2 61 43100

2 62 42400

2 63 30500

2 64 24300

2 65 36200

2 66 35700

2 67 36400

2 68 31600

2 69 31400

2 70 71000

2 71 46100

2 72 49900

2 73 40800

2 74 34200

2 75 26800

2 76 29800

2 77 29500

2 78 57400

2 79 51000

2 80 40100

2 81 57200

2 82 29900

2 83 39400

2 84 25200

2 85 41500

2 86 49500

2 87 29700

2 88 35300

2 89 43000

2 90 37600

2 91 46900

2 92 50100

2 93 41100

2 94 35400

2 95 68600

2 96 25900

2 97 42100

2 98 27900

2 99 39700

3 0 369600

3 1 251600

3 2 382100

3 3 175800

3 4 835100

3 5 530100

3 6 736200

3 7 731900

3 8 371400

3 9 252100

3 10 161700

3 11 123300

3 12 114700

3 13 336400

3 14 462300

3 15 272700

3 16 166300

3 17 302100

3 18 376800

3 19 238500

3 20 315100

3 21 359100

3 22 865800

3 23 290600

3 24 321800

3 25 361400

3 26 462700

3 27 405900

3 28 291800

3 29 120200

3 30 281700

3 31 256300

3 32 329200

3 33 105600

3 34 187800

3 35 205200

3 36 760100

3 37 153000

3 38 240600

3 39 420100

3 40 477200

3 41 451300

3 42 233000

3 43 211300

3 44 365600

3 45 456000

3 46 314700

3 47 118700

3 48 531100

3 49 207100

3 50 197800

3 51 133900

3 52 225400

3 53 215900

3 54 352900

3 55 221000

3 56 382500

3 57 204100

3 58 414500

3 59 529400

3 60 195200

3 61 285000

3 62 205600

3 63 455800

3 64 219700

3 65 236400

3 66 496600

3 67 422700

3 68 246700

3 69 165700

3 70 297000

3 71 164200

3 72 140400

3 73 271200

3 74 217400

3 75 317800

3 76 647800

3 77 207300

3 78 286400

3 79 699300

3 80 600300

3 81 578200

3 82 154800

3 83 172100

3 84 327000

3 85 162700

3 86 399800

3 87 372800

3 88 261400

3 89 614700

3 90 492800

3 91 361100

3 92 160300

3 93 268100

3 94 392400

3 95 172900

3 96 352600

3 97 356500

3 98 430900

3 99 220300

4 0 63200

4 1 162500

4 2 124500

4 3 94600

4 4 81300

4 5 152300

4 6 162000

4 7 69500

4 8 160100

4 9 214200

4 10 198900

4 11 148800

4 12 111000

4 13 107600

4 14 119200

4 15 90000

4 16 87500

4 17 139800

4 18 57900

4 19 105700

4 20 164600

4 21 111800

4 22 76500

4 23 89600

4 24 143400

4 25 142800

4 26 122400

4 27 124700

4 28 75600

4 29 153200

4 30 76500

4 31 223200

4 32 39300

4 33 91000

4 34 171700

4 35 178700

4 36 211000

4 37 127500

4 38 178200

4 39 92700

4 40 81900

4 41 46300

4 42 107700

4 43 84300

4 44 114000

4 45 106600

4 46 128200

4 47 234800

4 48 81400

4 49 116000

4 50 139700

4 51 88300

4 52 132100

4 53 247200

4 54 116100

4 55 87700

4 56 136100

4 57 120900

4 58 76700

4 59 104100

4 60 227000

4 61 121500

4 62 82000

4 63 159700

4 64 67000

4 65 108400

4 66 150700

4 67 104300

4 68 133500

4 69 174300

4 70 87500

4 71 139100

4 72 212200

4 73 147400

4 74 169000

4 75 282600

4 76 146300

4 77 99400

4 78 115500

4 79 85500

4 80 58500

4 81 168200

4 82 102600

4 83 125400

4 84 68800

4 85 110000

4 86 52400

4 87 181900

4 88 142800

4 89 89200

4 90 50700

4 91 119600

4 92 151400

4 93 200700

4 94 55200

4 95 74900

4 96 76100

4 97 76600

4 98 140800

4 99 123400

5 0 55400

5 1 80200

5 2 42600

5 3 65800

5 4 182000

5 5 89100

5 6 72000

5 7 71400

5 8 80000

5 9 67500

5 10 38200

5 11 68900

5 12 91400

5 13 93200

5 14 60400

5 15 97000

5 16 39400

5 17 84500

5 18 102700

5 19 149800

5 20 92500

5 21 224600

5 22 31700

5 23 43300

5 24 24600

5 25 80100

5 26 71900

5 27 80600

5 28 65500

5 29 111200

5 30 62500

5 31 82000

5 32 84300

5 33 52800

5 34 47500

5 35 74400

5 36 83200

5 37 51900

5 38 49400

5 39 89800

5 40 139400

5 41 81200

5 42 57900

5 43 41600

5 44 113900

5 45 85000

5 46 194500

5 47 58400

5 48 68800

5 49 71300

5 50 83100

5 51 123100

5 52 66900

5 53 62000

5 54 114800

5 55 70200

5 56 46600

5 57 56400

5 58 110200

5 59 179200

5 60 78300

5 61 119700

5 62 145000

5 63 79400

5 64 58700

5 65 90700

5 66 66800

5 67 58900

5 68 113300

5 69 85700

5 70 94600

5 71 67400

5 72 89300

5 73 106600

5 74 82900

5 75 102200

5 76 136500

5 77 70400

5 78 23700

5 79 74700

5 80 66900

5 81 79500

5 82 102900

5 83 104600

5 84 87700

5 85 50500

5 86 127600

5 87 76800

5 88 144300

5 89 84200

5 90 81100

5 91 102700

5 92 82400

5 93 105900

5 94 47400

5 95 86600

5 96 42100

5 97 34100

5 98 89000

5 99 61800

6 0 112200

6 1 135200

6 2 57800

6 3 49900

6 4 64700

6 5 42100

6 6 51200

6 7 70300

6 8 77900

6 9 56300

6 10 91700

6 11 85800

6 12 53400

6 13 51300

6 14 56600

6 15 30700

6 16 46100

6 17 43300

6 18 121700

6 19 49800

6 20 75600

6 21 81100

6 22 80700

6 23 86700

6 24 37400

6 25 90300

6 26 35900

6 27 76300

6 28 56900

6 29 58100

6 30 60700

6 31 79400

6 32 137100

6 33 33600

6 34 61800

6 35 46600

6 36 55800

6 37 86100

6 38 41200

6 39 39800

6 40 64200

6 41 86900

6 42 51500

6 43 93800

6 44 81900

6 45 82300

6 46 108800

6 47 115600

6 48 39900

6 49 45100

6 50 74100

6 51 61000

6 52 82700

6 53 53000

6 54 83300

6 55 74500

6 56 166300

6 57 56800

6 58 88200

6 59 44000

6 60 56300

6 61 32500

6 62 42400

6 63 63100

6 64 43600

6 65 59000

6 66 78800

6 67 110200

6 68 51000

6 69 71500

6 70 69900

6 71 40200

6 72 111900

6 73 39900

6 74 110100

6 75 33600

6 76 160500

6 77 53700

6 78 45300

6 79 64700

6 80 54800

6 81 112600

6 82 70700

6 83 72000

6 84 70100

6 85 77200

6 86 75800

6 87 107100

6 88 33200

6 89 33300

6 90 41400

6 91 31900

6 92 59100

6 93 49200

6 94 42300

6 95 44500

6 96 77100

6 97 140200

6 98 102300

6 99 123500

7 0 26800

7 1 22000

7 2 63400

7 3 69000

7 4 48800

7 5 56400

7 6 50600

7 7 100700

7 8 46400

7 9 43500

7 10 31400

7 11 34000

7 12 12500

7 13 44400

7 14 26100

7 15 36100

7 16 92700

7 17 64200

7 18 33800

7 19 53000

7 20 34400

7 21 27500

7 22 88000

7 23 35800

7 24 78500

7 25 43600

7 26 51300

7 27 33500

7 28 60700

7 29 30100

7 30 42300

7 31 35600

7 32 42500

7 33 56300

7 34 56600

7 35 32400

7 36 57800

7 37 38400

7 38 64400

7 39 52800

7 40 75800

7 41 60100

7 42 51000

7 43 31500

7 44 33300

7 45 23800

7 46 94100

7 47 86000

7 48 35000

7 49 80700

7 50 55800

7 51 16800

7 52 38100

7 53 78900

7 54 64100

7 55 30500

7 56 63700

7 57 25100

7 58 40100

7 59 68100

7 60 34700

7 61 63500

7 62 47400

7 63 46000

7 64 87000

7 65 52100

7 66 69500

7 67 50800

7 68 41300

7 69 38100

7 70 33200

7 71 90000

7 72 52500

7 73 44200

7 74 38200

7 75 58300

7 76 65000

7 77 62700

7 78 61000

7 79 47000

7 80 68300

7 81 45200

7 82 35400

7 83 27300

7 84 43300

7 85 75000

7 86 30100

7 87 31800

7 88 29500

7 89 39400

7 90 58100

7 91 51900

7 92 39400

7 93 36200

7 94 59500

7 95 30400

7 96 54300

7 97 149500

7 98 41000

7 99 38400

8 0 30100

8 1 59500

8 2 51700

8 3 31100

8 4 40300

8 5 40700

8 6 28600

8 7 49600

8 8 107900

8 9 68000

8 10 46000

8 11 21900

8 12 42700

8 13 34400

8 14 68100

8 15 88000

8 16 62500

8 17 37100

8 18 60900

8 19 140000

8 20 52300

8 21 41400

8 22 40900

8 23 86100

8 24 15300

8 25 40400

8 26 78000

8 27 33200

8 28 26800

8 29 59400

8 30 83600

8 31 43800

8 32 38700

8 33 18400

8 34 28700

8 35 23800

8 36 22700

8 37 27700

8 38 37600

8 39 54000

8 40 45700

8 41 45400

8 42 28900

8 43 49200

8 44 37500

8 45 81500

8 46 62000

8 47 51200

8 48 65200

8 49 26500

8 50 44300

8 51 43500

8 52 84200

8 53 35000

8 54 49800

8 55 78000

8 56 27100

8 57 44400

8 58 49800

8 59 40900

8 60 42900

8 61 63900

8 62 34000

8 63 46000

8 64 39600

8 65 45900

8 66 52100

8 67 23600

8 68 47000

8 69 18800

8 70 32400

8 71 30000

8 72 38600

8 73 54700

8 74 56200

8 75 33000

8 76 52800

8 77 46900

8 78 82600

8 79 22100

8 80 30500

8 81 23600

8 82 125400

8 83 84400

8 84 52000

8 85 47400

8 86 59400

8 87 50400

8 88 28500

8 89 139200

8 90 32100

8 91 24500

8 92 48800

8 93 56200

8 94 29500

8 95 16900

8 96 31800

8 97 21900

8 98 33100

8 99 42200

9 0 14600

9 1 26400

9 2 24200

9 3 21200

9 4 12200

9 5 36400

9 6 41200

9 7 32500

9 8 70600

9 9 36300

9 10 26700

9 11 75700

9 12 33300

9 13 54800

9 14 33600

9 15 14900

9 16 13400

9 17 20000

9 18 51400

9 19 55000

9 20 17200

9 21 50900

9 22 25100

9 23 32600

9 24 46900

9 25 22900

9 26 10600

9 27 49700

9 28 24400

9 29 48500

9 30 14500

9 31 31700

9 32 20800

9 33 45500

9 34 20500

9 35 16200

9 36 60400

9 37 25800

9 38 32100

9 39 49900

9 40 31000

9 41 15600

9 42 19700

9 43 28000

9 44 22000

9 45 26500

9 46 37300

9 47 29500

9 48 27100

9 49 29200

9 50 19800

9 51 40800

9 52 25300

9 53 28400

9 54 21800

9 55 35300

9 56 15500

9 57 35800

9 58 43000

9 59 48800

9 60 27100

9 61 23900

9 62 11400

9 63 13500

9 64 32700

9 65 22400

9 66 13700

9 67 38400

9 68 51500

9 69 18100

9 70 41200

9 71 23400

9 72 54900

9 73 48300

9 74 49600

9 75 27300

9 76 19200

9 77 28500

9 78 45900

9 79 44800

9 80 58700

9 81 84700

9 82 21700

9 83 13400

9 84 23500

9 85 49800

9 86 107200

9 87 41300

9 88 34700

9 89 16400

9 90 34700

9 91 19300

9 92 23600

9 93 25400

9 94 34000

9 95 76400

9 96 20300

9 97 25000

9 98 42500

9 99 25900

10 0 17700

10 1 24700

10 2 25800

10 3 30800

10 4 51800

10 5 23900

10 6 25500

10 7 34300

10 8 37800

10 9 36400

10 10 48500

10 11 11200

10 12 36300

10 13 33200

10 14 18900

10 15 30300

10 16 20100

10 17 40900

10 18 30900

10 19 16600

10 20 18800

10 21 57100

10 22 32600

10 23 13000

10 24 58500

10 25 50200

10 26 14600

10 27 24100

10 28 18500

10 29 22000

10 30 58500

10 31 24300

10 32 41800

10 33 21300

10 34 46000

10 35 32700

10 36 19000

10 37 20500

10 38 21200

10 39 17400

10 40 37600

10 41 77800

10 42 46100

10 43 70400

10 44 52500

10 45 49400

10 46 53900

10 47 33200

10 48 28700

10 49 16100

10 50 18900

10 51 31000

10 52 24600

10 53 25000

10 54 32200

10 55 36600

10 56 41700

10 57 20400

10 58 29500

10 59 28200

10 60 18200

10 61 95100

10 62 20000

10 63 16300

10 64 13100

10 65 25400

10 66 44700

10 67 43800

10 68 25900

10 69 41200

10 70 30100

10 71 18400

10 72 86000

10 73 12500

10 74 36800

10 75 13700

10 76 18000

10 77 89700

10 78 57800

10 79 48100

10 80 10700

10 81 35800

10 82 37800

10 83 30200

10 84 40600

10 85 67600

10 86 39600

10 87 71000

10 88 47400

10 89 20000

10 90 27300

10 91 36000

10 92 16300

10 93 19200

10 94 17700

10 95 27400

10 96 33600

10 97 30900

10 98 22200

10 99 20400

