2 0 303699

2 1 1001467

2 2 728558

2 3 564727

2 4 361178

2 5 4206079

2 6 1114195

2 7 1708523

2 8 927916

2 9 743993

2 10 1337542

2 11 802880

2 12 1750977

2 13 2076094

2 14 455668

2 15 271773

2 16 1555139

2 17 1224405

2 18 426761

2 19 164640

2 20 2544364

2 21 284960

2 22 654032

2 23 431599

2 24 179470

2 25 369298

2 26 1119704

2 27 278342

2 28 5312316

2 29 868993

2 30 855831

2 31 788636

2 32 1302345

2 33 251527

2 34 1232145

2 35 1410027

2 36 1603123

2 37 1164495

2 38 1234590

2 39 448743

2 40 2749956

2 41 1154552

2 42 669012

2 43 239253

2 44 1008477

2 45 549361

2 46 2798076

2 47 516583

2 48 1096048

2 49 2022330

2 50 390688

2 51 1189933

2 52 201278

2 53 631293

2 54 395127

2 55 1293314

2 56 914662

2 57 516982

2 58 1775131

2 59 1594133

2 60 297003

2 61 500981

2 62 673794

2 63 449321

2 64 933295

2 65 915603

2 66 596997

2 67 1059783

2 68 656096

2 69 1885813

2 70 1277985

2 71 1074988

2 72 251900

2 73 610435

2 74 887221

2 75 887114

2 76 1786164

2 77 231693

2 78 548570

2 79 1396210

2 80 389051

2 81 846678

2 82 541670

2 83 650295

2 84 460716

2 85 502778

2 86 939291

2 87 941629

2 88 425782

2 89 2597939

2 90 338596

2 91 1781941

2 92 1890900

2 93 534984

2 94 598837

2 95 396135

2 96 1851915

2 97 1039960

2 98 2888669

2 99 1577092

3 0 67628

3 1 118791

3 2 168826

3 3 66161

3 4 43360

3 5 144933

3 6 85662

3 7 57028

3 8 66881

3 9 102004

3 10 121183

3 11 40659

3 12 90329

3 13 81138

3 14 55544

3 15 89801

3 16 103562

3 17 144448

3 18 36753

3 19 149115

3 20 73165

3 21 229909

3 22 142271

3 23 89676

3 24 118129

3 25 151749

3 26 135985

3 27 45268

3 28 35652

3 29 109458

3 30 131739

3 31 88564

3 32 42346

3 33 85988

3 34 59524

3 35 131691

3 36 223796

3 37 91675

3 38 147547

3 39 26191

3 40 42898

3 41 113582

3 42 97889

3 43 228479

3 44 103615

3 45 107649

3 46 146995

3 47 96147

3 48 53707

3 49 130948

3 50 190960

3 51 167962

3 52 65229

3 53 103178

3 54 73760

3 55 103561

3 56 106967

3 57 167452

3 58 106115

3 59 185352

3 60 278866

3 61 108724

3 62 191568

3 63 143911

3 64 106861

3 65 50773

3 66 102746

3 67 152562

3 68 56484

3 69 100621

3 70 68113

3 71 69791

3 72 113671

3 73 230093

3 74 55475

3 75 180622

3 76 65105

3 77 102952

3 78 51152

3 79 140809

3 80 77521

3 81 136091

3 82 162265

3 83 48043

3 84 97271

3 85 153252

3 86 179161

3 87 85413

3 88 98569

3 89 134086

3 90 167940

3 91 145654

3 92 187132

3 93 73646

3 94 68847

3 95 65478

3 96 142187

3 97 73836

3 98 73322

3 99 106494

4 0 36321

4 1 53101

4 2 80735

4 3 43766

4 4 96181

4 5 27370

4 6 77298

4 7 36104

4 8 48722

4 9 17949

4 10 62951

4 11 38902

4 12 35729

4 13 17656

4 14 19360

4 15 59383

4 16 29492

4 17 32183

4 18 53433

4 19 34343

4 20 50566

4 21 38475

4 22 46162

4 23 31360

4 24 39934

4 25 49427

4 26 49900

4 27 53859

4 28 40228

4 29 113303

4 30 36750

4 31 58436

4 32 54238

4 33 34982

4 34 53601

4 35 43005

4 36 51506

4 37 79883

4 38 32739

4 39 67465

4 40 42300

4 41 35204

4 42 33024

4 43 76234

4 44 48657

4 45 42698

4 46 56488

4 47 86151

4 48 44622

4 49 75116

4 50 74099

4 51 45024

4 52 71875

4 53 35241

4 54 34959

4 55 36603

4 56 73738

4 57 71644

4 58 47325

4 59 24052

4 60 31169

4 61 19008

4 62 16835

4 63 55461

4 64 71991

4 65 65139

4 66 39355

4 67 67516

4 68 86467

4 69 16890

4 70 31455

4 71 35034

4 72 36703

4 73 35431

4 74 45755

4 75 146368

4 76 28238

4 77 39246

4 78 64728

4 79 16496

4 80 21666

4 81 27591

4 82 64380

4 83 59758

4 84 30673

4 85 31549

4 86 56021

4 87 24127

4 88 49416

4 89 40601

4 90 113548

4 91 50432

4 92 58526

4 93 27572

4 94 19407

4 95 54298

4 96 32239

4 97 40026

4 98 55414

4 99 29211

5 0 22631

5 1 6137

5 2 22889

5 3 16839

5 4 35569

5 5 23763

5 6 16980

5 7 24694

5 8 21998

5 9 18675

5 10 21582

5 11 11780

5 12 48765

5 13 24484

5 14 39951

5 15 24186

5 16 32044

5 17 32337

5 18 33273

5 19 11698

5 20 59662

5 21 15540

5 22 27966

5 23 54564

5 24 38315

5 25 47026

5 26 12609

5 27 42173

5 28 31245

5 29 24041

5 30 15186

5 31 28705

5 32 52353

5 33 26416

5 34 49541

5 35 31278

5 36 46156

5 37 43123

5 38 26838

5 39 18484

5 40 22946

5 41 25501

5 42 26486

5 43 23127

5 44 27777

5 45 26908

5 46 43533

5 47 35431

5 48 17577

5 49 19695

5 50 24818

5 51 16927

5 52 43752

5 53 33957

5 54 22197

5 55 25427

5 56 37690

5 57 32432

5 58 23415

5 59 58676

5 60 74451

5 61 30270

5 62 18256

5 63 17435

5 64 29195

5 65 28801

5 66 16465

5 67 20748

5 68 44904

5 69 21093

5 70 24773

5 71 14824

5 72 45835

5 73 50963

5 74 41076

5 75 41541

5 76 30199

5 77 37497

5 78 12046

5 79 16220

5 80 14552

5 81 11069

5 82 43819

5 83 15473

5 84 26612

5 85 47652

5 86 23632

5 87 67028

5 88 22602

5 89 26980

5 90 30541

5 91 38098

5 92 38176

5 93 69588

5 94 38603

5 95 35594

5 96 27388

5 97 20110

5 98 16082

5 99 33902

6 0 23717

6 1 47253

6 2 8972

6 3 26754

6 4 10627

6 5 16935

6 6 10683

6 7 29009

6 8 13444

6 9 27027

6 10 22247

6 11 23437

6 12 23693

6 13 12967

6 14 21319

6 15 21556

6 16 16352

6 17 17595

6 18 21040

6 19 16100

6 20 21241

6 21 43108

6 22 12193

6 23 15035

6 24 12140

6 25 21085

6 26 35688

6 27 20216

6 28 18552

6 29 12270

6 30 54822

6 31 27266

6 32 21516

6 33 16340

6 34 16183

6 35 36995

6 36 11671

6 37 8867

6 38 19097

6 39 36322

6 40 32825

6 41 26449

6 42 12785

6 43 11620

6 44 36895

6 45 13916

6 46 37658

6 47 14227

6 48 11392

6 49 37790

6 50 12312

6 51 23825

6 52 17114

6 53 15584

6 54 22123

6 55 14629

6 56 12939

6 57 29488

6 58 11485

6 59 37918

6 60 32060

6 61 19223

6 62 50200

6 63 21779

6 64 18664

6 65 36068

6 66 20237

6 67 11414

6 68 11217

6 69 36480

6 70 9705

6 71 23352

6 72 21402

6 73 33131

6 74 27026

6 75 19893

6 76 45992

6 77 22125

6 78 57475

6 79 14470

6 80 28299

6 81 12536

6 82 24793

6 83 10423

6 84 14433

6 85 26798

6 86 11405

6 87 8370

6 88 16165

6 89 12082

6 90 15361

6 91 20268

6 92 22902

6 93 40450

6 94 22371

6 95 20034

6 96 22245

6 97 18956

6 98 22867

6 99 17162

7 0 15850

7 1 8709

7 2 7279

7 3 20855

7 4 15750

7 5 21301

7 6 12084

7 7 11163

7 8 4520

7 9 23357

7 10 13709

7 11 14699

7 12 21059

7 13 14080

7 14 17272

7 15 19555

7 16 21218

7 17 42121

7 18 15496

7 19 42749

7 20 17529

7 21 6600

7 22 55227

7 23 19321

7 24 13611

7 25 20420

7 26 20999

7 27 18307

7 28 7569

7 29 10672

7 30 19986

7 31 12343

7 32 21569

7 33 11124

7 34 17916

7 35 29773

7 36 13371

7 37 12788

7 38 23043

7 39 16402

7 40 19598

7 41 15183

7 42 15633

7 43 14924

7 44 16339

7 45 67521

7 46 9561

7 47 17243

7 48 14278

7 49 16822

7 50 25291

7 51 7224

7 52 14036

7 53 7499

7 54 11158

7 55 24678

7 56 15886

7 57 23187

7 58 6789

7 59 27318

7 60 26371

7 61 9580

7 62 10874

7 63 24321

7 64 11645

7 65 8744

7 66 6527

7 67 25327

7 68 17789

7 69 13743

7 70 18049

7 71 27002

7 72 40287

7 73 22056

7 74 14726

7 75 35638

7 76 7563

7 77 13876

7 78 38052

7 79 24740

7 80 38482

7 81 10146

7 82 13868

7 83 15840

7 84 20557

7 85 19457

7 86 19221

7 87 13322

7 88 14926

7 89 12521

7 90 25306

7 91 16194

7 92 12877

7 93 16641

7 94 21899

7 95 19590

7 96 24953

7 97 20045

7 98 27904

7 99 28231

8 0 22053

8 1 33584

8 2 11996

8 3 8115

8 4 5526

8 5 18312

8 6 23102

8 7 9021

8 8 10974

8 9 8322

8 10 13011

8 11 34090

8 12 27198

8 13 21246

8 14 24570

8 15 11146

8 16 13044

8 17 26492

8 18 16238

8 19 17208

8 20 15463

8 21 7659

8 22 9685

8 23 20806

8 24 12395

8 25 7957

8 26 10009

8 27 9902

8 28 14308

8 29 36001

8 30 18149

8 31 7827

8 32 14423

8 33 24504

8 34 8951

8 35 8909

8 36 14484

8 37 17168

8 38 13788

8 39 28524

8 40 12569

8 41 24519

8 42 54079

8 43 7587

8 44 15640

8 45 13537

8 46 7708

8 47 24327

8 48 15773

8 49 21305

8 50 9546

8 51 4424

8 52 13855

8 53 10193

8 54 8631

8 55 10301

8 56 12978

8 57 7615

8 58 12186

8 59 13634

8 60 24509

8 61 10291

8 62 17362

8 63 18042

8 64 15426

8 65 5006

8 66 5122

8 67 12774

8 68 14026

8 69 41434

8 70 9914

8 71 27351

8 72 14100

8 73 27044

8 74 20198

8 75 6445

8 76 15705

8 77 9034

8 78 15472

8 79 14356

8 80 11754

8 81 13701

8 82 15853

8 83 14125

8 84 11999

8 85 10066

8 86 14818

8 87 9384

8 88 21965

8 89 27182

8 90 26085

8 91 16391

8 92 9216

8 93 16870

8 94 18757

8 95 12447

8 96 15821

8 97 15219

8 98 9678

8 99 7065

9 0 6378

9 1 14403

9 2 13045

9 3 4125

9 4 8885

9 5 11660

9 6 14780

9 7 11495

9 8 9185

9 9 7384

9 10 8231

9 11 18025

9 12 5948

9 13 8907

9 14 5266

9 15 11692

9 16 31725

9 17 9190

9 18 9868

9 19 15100

9 20 9084

9 21 7913

9 22 17985

9 23 7065

9 24 10305

9 25 14031

9 26 16650

9 27 22053

9 28 18858

9 29 5023

9 30 9107

9 31 7334

9 32 6987

9 33 13491

9 34 17068

9 35 3912

9 36 12286

9 37 9658

9 38 2790

9 39 8873

9 40 14866

9 41 15113

9 42 14420

9 43 11815

9 44 19034

9 45 5709

9 46 12179

9 47 14645

9 48 11715

9 49 8386

9 50 5816

9 51 13449

9 52 21544

9 53 21159

9 54 5649

9 55 10380

9 56 13057

9 57 16628

9 58 30262

9 59 35490

9 60 4958

9 61 13322

9 62 11881

9 63 12785

9 64 11031

9 65 14666

9 66 9161

9 67 5800

9 68 9109

9 69 9634

9 70 4257

9 71 8929

9 72 8608

9 73 11371

9 74 29884

9 75 30996

9 76 13629

9 77 8472

9 78 14253

9 79 11357

9 80 18434

9 81 6931

9 82 17180

9 83 10669

9 84 13324

9 85 7643

9 86 6361

9 87 11048

9 88 9280

9 89 18429

9 90 8471

9 91 20079

9 92 14576

9 93 5263

9 94 7853

9 95 4224

9 96 7160

9 97 8559

9 98 17059

9 99 6882

10 0 8520

10 1 12792

10 2 6103

10 3 11087

10 4 7340

10 5 3082

10 6 12773

10 7 30196

10 8 12573

10 9 6061

10 10 19221

10 11 9973

10 12 14185

10 13 10466

10 14 30359

10 15 10988

10 16 12075

10 17 10327

10 18 9167

10 19 3450

10 20 22493

10 21 3652

10 22 9602

10 23 2823

10 24 19374

10 25 9945

10 26 6038

10 27 18459

10 28 25270

10 29 6731

10 30 5154

10 31 28068

10 32 4903

10 33 4117

10 34 4487

10 35 10844

10 36 9907

10 37 10473

10 38 6170

10 39 16390

10 40 14080

10 41 8296

10 42 30644

10 43 5924

10 44 6517

10 45 7852

10 46 5427

10 47 8749

10 48 20018

10 49 10157

10 50 17049

10 51 7768

10 52 6681

10 53 9681

10 54 16417

10 55 12342

10 56 10355

10 57 4196

10 58 9241

10 59 7667

10 60 5454

10 61 16436

10 62 3760

10 63 7182

10 64 5694

10 65 17152

10 66 4447

10 67 10456

10 68 9845

10 69 10212

10 70 3643

10 71 20973

10 72 17324

10 73 10130

10 74 4565

10 75 14191

10 76 8029

10 77 7404

10 78 7763

10 79 7217

10 80 9551

10 81 11450

10 82 19982

10 83 14659

10 84 13494

10 85 10115

10 86 5205

10 87 8927

10 88 21518

10 89 4867

10 90 3146

10 91 6364

10 92 10719

10 93 8838

10 94 13880

10 95 12928

10 96 5495

10 97 14611

10 98 7005

10 99 7917

