10 0 84

10 1 122

10 2 137

10 3 85

10 4 676

10 5 508

10 6 678

10 7 66

10 8 668

10 9 138

10 10 450

10 11 53

10 12 48

10 13 136

10 14 176

10 15 142

10 16 209

10 17 52

10 18 214

10 19 199

10 20 1025

10 21 130

10 22 390

10 23 497

10 24 174

10 25 109

10 26 196

10 27 151

10 28 371

10 29 420

10 30 298

10 31 87

10 32 249

10 33 197

10 34 539

10 35 410

10 36 358

10 37 13

10 38 343

10 39 234

10 40 171

10 41 314

10 42 468

10 43 187

10 44 228

10 45 60

10 46 74

10 47 110

10 48 557

10 49 235

10 50 270

10 51 176

10 52 270

10 53 78

10 54 380

10 55 369

10 56 279

10 57 192

10 58 512

10 59 597

10 60 724

10 61 129

10 62 155

10 63 109

10 64 24

10 65 55

10 66 613

10 67 741

10 68 194

10 69 277

10 70 260

10 71 342

10 72 675

10 73 199

10 74 788

10 75 484

10 76 429

10 77 199

10 78 56

10 79 233

10 80 302

10 81 376

10 82 167

10 83 123

10 84 552

10 85 641

10 86 720

10 87 194

10 88 142

10 89 277

10 90 256

10 91 52

10 92 111

10 93 305

10 94 175

10 95 93

10 96 228

10 97 280

10 98 225

10 99 451

15 0 697

15 1 507

15 2 2072

15 3 1244

15 4 201

15 5 830

15 6 5196

15 7 1087

15 8 1372

15 9 1947

15 10 1025

15 11 1499

15 12 608

15 13 149

15 14 1489

15 15 219

15 16 687

15 17 356

15 18 1133

15 19 678

15 20 1379

15 21 3648

15 22 1577

15 23 283

15 24 1753

15 25 1913

15 26 868

15 27 405

15 28 3579

15 29 887

15 30 3331

15 31 1491

15 32 1561

15 33 1958

15 34 1616

15 35 105

15 36 227

15 37 378

15 38 549

15 39 1124

15 40 1687

15 41 198

15 42 1285

15 43 1317

15 44 789

15 45 649

15 46 229

15 47 2414

15 48 394

15 49 722

15 50 499

15 51 1595

15 52 824

15 53 213

15 54 481

15 55 315

15 56 2197

15 57 1410

15 58 2197

15 59 1189

15 60 2213

15 61 134

15 62 1387

15 63 232

15 64 2587

15 65 1135

15 66 756

15 67 410

15 68 802

15 69 1820

15 70 650

15 71 2450

15 72 3015

15 73 227

15 74 164

15 75 1297

15 76 1861

15 77 321

15 78 1059

15 79 291

15 80 935

15 81 1197

15 82 3651

15 83 1160

15 84 176

15 85 1349

15 86 1656

15 87 509

15 88 281

15 89 347

15 90 2980

15 91 1113

15 92 735

15 93 736

15 94 980

15 95 368

15 96 1193

15 97 282

15 98 518

15 99 1986

20 0 2367

20 1 628

20 2 3257

20 3 3933

20 4 1440

20 5 1748

20 6 2602

20 7 9081

20 8 5139

20 9 3912

20 10 1007

20 11 6637

20 12 2994

20 13 4494

20 14 3274

20 15 2607

20 16 4856

20 17 1527

20 18 4083

20 19 3703

20 20 6796

20 21 13076

20 22 2279

20 23 1219

20 24 4031

20 25 6270

20 26 1038

20 27 856

20 28 911

20 29 937

20 30 1329

20 31 2068

20 32 1513

20 33 9419

20 34 3708

20 35 1271

20 36 3472

20 37 2449

20 38 1036

20 39 2875

20 40 5533

20 41 4772

20 42 1065

20 43 2413

20 44 2364

20 45 2252

20 46 3425

20 47 2457

20 48 3567

20 49 3359

20 50 466

20 51 3418

20 52 906

20 53 6009

20 54 2491

20 55 823

20 56 4070

20 57 5873

20 58 5384

20 59 7303

20 60 4044

20 61 641

20 62 3931

20 63 1809

20 64 1122

20 65 4476

20 66 368

20 67 3105

20 68 1419

20 69 2522

20 70 3473

20 71 1584

20 72 3780

20 73 2432

20 74 2143

20 75 4653

20 76 855

20 77 2863

20 78 2007

20 79 3532

20 80 1289

20 81 2388

20 82 2228

20 83 987

20 84 7740

20 85 2598

20 86 3314

20 87 1010

20 88 8124

20 89 7093

20 90 1927

20 91 1094

20 92 1878

20 93 3914

20 94 730

20 95 2868

20 96 3783

20 97 7341

20 98 5742

20 99 1709

25 0 7607

25 1 2135

25 2 11003

25 3 12598

25 4 10450

25 5 2884

25 6 3977

25 7 3300

25 8 3967

25 9 3388

25 10 2494

25 11 8843

25 12 6751

25 13 4036

25 14 2646

25 15 2271

25 16 7528

25 17 16382

25 18 4576

25 19 5318

25 20 1189

25 21 2973

25 22 6187

25 23 7367

25 24 13179

25 25 3626

25 26 10967

25 27 9159

25 28 25838

25 29 3148

25 30 4327

25 31 4402

25 32 3939

25 33 1725

25 34 4083

25 35 6136

25 36 531

25 37 12768

25 38 11730

25 39 836

25 40 14983

25 41 5858

25 42 530

25 43 10201

25 44 3049

25 45 5824

25 46 5414

25 47 6184

25 48 7718

25 49 2154

25 50 7138

25 51 6432

25 52 3886

25 53 3171

25 54 11421

25 55 6732

25 56 2528

25 57 796

25 58 2577

25 59 3627

25 60 3106

25 61 19411

25 62 3053

25 63 858

25 64 3632

25 65 3215

25 66 4191

25 67 4375

25 68 3254

25 69 2837

25 70 807

25 71 26865

25 72 7608

25 73 12898

25 74 4372

25 75 2304

25 76 6459

25 77 7763

25 78 8176

25 79 9903

25 80 3471

25 81 2020

25 82 5693

25 83 8141

25 84 7395

25 85 6016

25 86 13464

25 87 8056

25 88 3892

25 89 3675

25 90 11854

25 91 2471

25 92 4054

25 93 1575

25 94 8274

25 95 3484

25 96 12496

25 97 2130

25 98 2643

25 99 3655

30 0 3237

30 1 8522

30 2 3268

30 3 2992

30 4 8385

30 5 13150

30 6 8308

30 7 5761

30 8 5510

30 9 6968

30 10 3367

30 11 10706

30 12 1468

30 13 10262

30 14 44659

30 15 11562

30 16 6821

30 17 9363

30 18 3306

30 19 10338

30 20 3834

30 21 7693

30 22 6927

30 23 17321

30 24 3108

30 25 7255

30 26 16448

30 27 3135

30 28 5606

30 29 2029

30 30 12773

30 31 6973

30 32 19676

30 33 18135

30 34 7263

30 35 10704

30 36 3678

30 37 11152

30 38 4382

30 39 7519

30 40 2079

30 41 8327

30 42 10981

30 43 5770

30 44 3125

30 45 7233

30 46 14119

30 47 6623

30 48 5866

30 49 8751

30 50 3576

30 51 4004

30 52 4414

30 53 1777

30 54 30390

30 55 16589

30 56 3341

30 57 11469

30 58 1975

30 59 9572

30 60 17174

30 61 15389

30 62 5201

30 63 30421

30 64 2956

30 65 7040

30 66 15005

30 67 19279

30 68 27502

30 69 9456

30 70 14277

30 71 5264

30 72 4286

30 73 2946

30 74 8902

30 75 9090

30 76 23519

30 77 10209

30 78 6625

30 79 8493

30 80 9294

30 81 6335

30 82 7929

30 83 9006

30 84 19113

30 85 3809

30 86 26078

30 87 9544

30 88 16917

30 89 19093

30 90 5082

30 91 15693

30 92 6250

30 93 34450

30 94 34917

30 95 25298

30 96 9968

30 97 5387

30 98 4400

30 99 28437

35 0 42054

35 1 16616

35 2 19975

35 3 28050

35 4 65815

35 5 5421

35 6 7350

35 7 5138

35 8 23917

35 9 11104

35 10 12879

35 11 38659

35 12 10113

35 13 33452

35 14 19555

35 15 14984

35 16 8270

35 17 12254

35 18 23988

35 19 1886

35 20 16370

35 21 37996

35 22 12302

35 23 25126

35 24 25683

35 25 10975

35 26 46419

35 27 29385

35 28 7033

35 29 9567

35 30 73614

35 31 29535

35 32 33720

35 33 40645

35 34 2886

35 35 18582

35 36 6312

35 37 34292

35 38 2999

35 39 17792

35 40 13095

35 41 30433

35 42 17655

35 43 33489

35 44 28466

35 45 41949

35 46 7595

35 47 3540

35 48 13203

35 49 5191

35 50 5627

35 51 6372

35 52 26701

35 53 12437

35 54 4937

35 55 19940

35 56 22230

35 57 12801

35 58 3492

35 59 6086

35 60 17227

35 61 25803

35 62 12954

35 63 8032

35 64 18161

35 65 9405

35 66 17708

35 67 19511

35 68 10112

35 69 6098

35 70 15623

35 71 11626

35 72 25067

35 73 13416

35 74 11367

35 75 21187

35 76 14645

35 77 5178

35 78 5132

35 79 4080

35 80 24403

35 81 6861

35 82 10635

35 83 21732

35 84 25370

35 85 32855

35 86 15713

35 87 20602

35 88 51265

35 89 21421

35 90 30386

35 91 13916

35 92 9640

35 93 6068

35 94 14496

35 95 11224

35 96 7544

35 97 9515

35 98 20240

35 99 19560

40 0 19636

40 1 11917

40 2 4171

40 3 31672

40 4 20047

40 5 36958

40 6 20691

40 7 22187

40 8 21178

40 9 6758

40 10 7510

40 11 30183

40 12 50312

40 13 6555

40 14 35164

40 15 55133

40 16 16258

40 17 47165

40 18 24414

40 19 14219

40 20 69797

40 21 24606

40 22 5062

40 23 54041

40 24 14675

40 25 4002

40 26 31840

40 27 5189

40 28 14107

40 29 28792

40 30 74107

40 31 46293

40 32 26323

40 33 33493

40 34 29639

40 35 50833

40 36 29274

40 37 63297

40 38 16540

40 39 13866

40 40 16864

40 41 26252

40 42 14671

40 43 10287

40 44 17968

40 45 23298

40 46 26542

40 47 23441

40 48 4940

40 49 27481

40 50 8730

40 51 11097

40 52 77567

40 53 21406

40 54 28552

40 55 6342

40 56 51061

40 57 15498

40 58 17380

40 59 39896

40 60 4444

40 61 6513

40 62 38315

40 63 74763

40 64 21598

40 65 25943

40 66 7416

40 67 54202

40 68 31744

40 69 31747

40 70 10473

40 71 21214

40 72 14142

40 73 37580

40 74 19903

40 75 74686

40 76 62724

40 77 38307

40 78 12905

40 79 14822

40 80 37309

40 81 5497

40 82 18690

40 83 8294

40 84 13329

40 85 3485

40 86 4462

40 87 22411

40 88 45536

40 89 8877

40 90 57656

40 91 11792

40 92 40139

40 93 13051

40 94 16226

40 95 37379

40 96 58611

40 97 15461

40 98 33110

40 99 21704

45 0 17564

45 1 34512

45 2 27926

45 3 29183

45 4 116097

45 5 68133

45 6 29845

45 7 40459

45 8 28397

45 9 19028

45 10 17519

45 11 53367

45 12 65932

45 13 10661

45 14 50705

45 15 25037

45 16 11170

45 17 15110

45 18 24426

45 19 67492

45 20 15647

45 21 11677

45 22 43755

45 23 15857

45 24 32780

45 25 31072

45 26 69638

45 27 38015

45 28 24391

45 29 57568

45 30 42066

45 31 57360

45 32 77411

45 33 23446

45 34 22548

45 35 23442

45 36 32847

45 37 15362

45 38 70363

45 39 100818

45 40 24507

45 41 13386

45 42 7225

45 43 47059

45 44 28528

45 45 83517

45 46 25496

45 47 9216

45 48 56504

45 49 71007

45 50 96216

45 51 35938

45 52 18414

45 53 54989

45 54 15957

45 55 84339

45 56 14623

45 57 49478

45 58 31382

45 59 65130

45 60 118890

45 61 37585

45 62 9753

45 63 83128

45 64 11198

45 65 59867

45 66 61218

45 67 13956

45 68 28699

45 69 7331

45 70 70786

45 71 87519

45 72 59292

45 73 27429

45 74 96225

45 75 43285

45 76 24604

45 77 23316

45 78 44519

45 79 39076

45 80 25121

45 81 101114

45 82 31904

45 83 29410

45 84 48661

45 85 53198

45 86 20660

45 87 22194

45 88 15254

45 89 77844

45 90 59027

45 91 10374

45 92 11070

45 93 16255

45 94 61546

45 95 9772

45 96 12001

45 97 24040

45 98 23771

45 99 14597

50 0 36427

50 1 43218

50 2 30295

50 3 106799

50 4 85114

50 5 28345

50 6 73484

50 7 62434

50 8 93506

50 9 12985

50 10 50368

50 11 133909

50 12 68761

50 13 39651

50 14 67343

50 15 16502

50 16 27881

50 17 29425

50 18 31999

50 19 181861

50 20 20556

50 21 58664

50 22 161568

50 23 56663

50 24 51879

50 25 4917

50 26 57791

50 27 20537

50 28 39943

50 29 55715

50 30 33862

50 31 43574

50 32 17863

50 33 67971

50 34 30253

50 35 23543

50 36 28693

50 37 125571

50 38 53288

50 39 17383

50 40 57431

50 41 96327

50 42 76564

50 43 30195

50 44 192374

50 45 57420

50 46 26789

50 47 63426

50 48 22404

50 49 30033

50 50 71686

50 51 49744

50 52 22558

50 53 23746

50 54 11412

50 55 23397

50 56 116198

50 57 55009

50 58 27326

50 59 79821

50 60 43058

50 61 49315

50 62 24456

50 63 68124

50 64 34131

50 65 89581

50 66 9488

50 67 23450

50 68 61232

50 69 21954

50 70 21454

50 71 23378

50 72 46384

50 73 62233

50 74 80024

50 75 22306

50 76 13346

50 77 67394

50 78 36284

50 79 33624

50 80 49322

50 81 129231

50 82 71868

50 83 123810

50 84 68436

50 85 73270

50 86 148815

50 87 27306

50 88 109541

50 89 85110

50 90 54102

50 91 31126

50 92 131914

50 93 74289

50 94 98761

50 95 51406

50 96 41235

50 97 47399

50 98 26536

50 99 25035

