1 0 2035

1 1 1968

1 2 556

1 3 1793

1 4 2807

1 5 349

1 6 1091

1 7 3514

1 8 1068

1 9 911

1 10 1789

1 11 348

1 12 754

1 13 1109

1 14 691

1 15 605

1 16 1327

1 17 1477

1 18 1241

1 19 1423

1 20 2028

1 21 742

1 22 464

1 23 3282

1 24 402

1 25 860

1 26 769

1 27 600

1 28 1528

1 29 2692

1 30 879

1 31 441

1 32 3431

1 33 1744

1 34 2292

1 35 746

1 36 1628

1 37 625

1 38 1468

1 39 564

1 40 1878

1 41 853

1 42 833

1 43 1650

1 44 4486

1 45 1391

1 46 1475

1 47 2465

1 48 368

1 49 1209

1 50 1246

1 51 2017

1 52 632

1 53 248

1 54 1045

1 55 1125

1 56 336

1 57 1241

1 58 1376

1 59 297

1 60 525

1 61 544

1 62 240

1 63 1679

1 64 5645

1 65 320

1 66 2663

1 67 2884

1 68 146

1 69 1722

1 70 773

1 71 855

1 72 1821

1 73 1063

1 74 1505

1 75 1319

1 76 1695

1 77 905

1 78 208

1 79 580

1 80 1056

1 81 2438

1 82 1207

1 83 770

1 84 779

1 85 124

1 86 574

1 87 1223

1 88 126

1 89 401

1 90 971

1 91 2305

1 92 675

1 93 1775

1 94 667

1 95 1130

1 96 201

1 97 1393

1 98 1459

1 99 1577

2 0 2291

2 1 939

2 2 133

2 3 1814

2 4 1020

2 5 536

2 6 1248

2 7 1148

2 8 1221

2 9 4417

2 10 1249

2 11 326

2 12 443

2 13 2032

2 14 568

2 15 1711

2 16 3239

2 17 813

2 18 2729

2 19 926

2 20 469

2 21 1499

2 22 1303

2 23 877

2 24 2618

2 25 421

2 26 797

2 27 609

2 28 3034

2 29 388

2 30 511

2 31 4242

2 32 676

2 33 1217

2 34 2717

2 35 1336

2 36 1384

2 37 609

2 38 2060

2 39 306

2 40 569

2 41 201

2 42 2138

2 43 3008

2 44 1322

2 45 1857

2 46 1197

2 47 1606

2 48 329

2 49 1871

2 50 466

2 51 976

2 52 571

2 53 2495

2 54 248

2 55 1493

2 56 2878

2 57 1157

2 58 683

2 59 2349

2 60 1245

2 61 914

2 62 1363

2 63 1085

2 64 2539

2 65 3015

2 66 1532

2 67 1352

2 68 112

2 69 1577

2 70 2694

2 71 1133

2 72 578

2 73 803

2 74 921

2 75 879

2 76 1456

2 77 2551

2 78 3686

2 79 2005

2 80 1386

2 81 626

2 82 426

2 83 396

2 84 3170

2 85 187

2 86 1329

2 87 358

2 88 663

2 89 124

2 90 673

2 91 948

2 92 1059

2 93 525

2 94 670

2 95 1446

2 96 1060

2 97 1493

2 98 391

2 99 2430

3 0 349

3 1 709

3 2 1512

3 3 2231

3 4 529

3 5 3229

3 6 398

3 7 2145

3 8 343

3 9 610

3 10 468

3 11 508

3 12 222

3 13 1293

3 14 305

3 15 450

3 16 3835

3 17 404

3 18 1123

3 19 6828

3 20 1057

3 21 2369

3 22 4211

3 23 1351

3 24 5290

3 25 1490

3 26 305

3 27 2573

3 28 226

3 29 809

3 30 1980

3 31 232

3 32 208

3 33 2616

3 34 494

3 35 1255

3 36 3393

3 37 1183

3 38 1336

3 39 2296

3 40 4056

3 41 587

3 42 290

3 43 600

3 44 2834

3 45 667

3 46 432

3 47 230

3 48 1400

3 49 4224

3 50 2288

3 51 149

3 52 6017

3 53 1450

3 54 1633

3 55 219

3 56 246

3 57 817

3 58 584

3 59 1120

3 60 668

3 61 559

3 62 1825

3 63 2913

3 64 442

3 65 3394

3 66 1681

3 67 1756

3 68 2625

3 69 892

3 70 5822

3 71 343

3 72 2017

3 73 253

3 74 660

3 75 2053

3 76 2547

3 77 2001

3 78 771

3 79 356

3 80 145

3 81 2849

3 82 1242

3 83 1692

3 84 3338

3 85 650

3 86 1560

3 87 309

3 88 2844

3 89 1393

3 90 1524

3 91 1034

3 92 125

3 93 250

3 94 2859

3 95 2412

3 96 560

3 97 2936

3 98 436

3 99 212

4 0 5003

4 1 497

4 2 2292

4 3 1191

4 4 1624

4 5 1992

4 6 92

4 7 4285

4 8 2910

4 9 2968

4 10 498

4 11 1111

4 12 1605

4 13 678

4 14 2084

4 15 1967

4 16 1585

4 17 2397

4 18 1149

4 19 652

4 20 414

4 21 404

4 22 946

4 23 2436

4 24 215

4 25 3975

4 26 4374

4 27 5322

4 28 2460

4 29 307

4 30 793

4 31 5501

4 32 1331

4 33 665

4 34 1586

4 35 836

4 36 7055

4 37 1534

4 38 1364

4 39 594

4 40 2528

4 41 2026

4 42 4257

4 43 401

4 44 1214

4 45 1145

4 46 893

4 47 2292

4 48 1136

4 49 336

4 50 1322

4 51 4499

4 52 860

4 53 2228

4 54 444

4 55 1239

4 56 8763

4 57 1230

4 58 1002

4 59 960

4 60 1035

4 61 1949

4 62 351

4 63 559

4 64 2240

4 65 3088

4 66 2100

4 67 462

4 68 891

4 69 4171

4 70 797

4 71 542

4 72 828

4 73 2628

4 74 3054

4 75 1622

4 76 2262

4 77 530

4 78 2593

4 79 1650

4 80 2493

4 81 9546

4 82 456

4 83 1009

4 84 1686

4 85 573

4 86 1433

4 87 6049

4 88 1861

4 89 3694

4 90 2694

4 91 2838

4 92 1076

4 93 774

4 94 1979

4 95 856

4 96 986

4 97 334

4 98 265

4 99 1038

5 0 2309

5 1 2987

5 2 1985

5 3 1143

5 4 586

5 5 593

5 6 4127

5 7 3110

5 8 21174

5 9 3148

5 10 4271

5 11 1294

5 12 2174

5 13 535

5 14 3826

5 15 329

5 16 1698

5 17 4486

5 18 259

5 19 2632

5 20 7201

5 21 2697

5 22 2227

5 23 3474

5 24 514

5 25 5184

5 26 6369

5 27 6645

5 28 88

5 29 1679

5 30 1094

5 31 6271

5 32 6260

5 33 337

5 34 1060

5 35 10657

5 36 2720

5 37 609

5 38 1357

5 39 2490

5 40 14491

5 41 9136

5 42 1551

5 43 2165

5 44 1556

5 45 2213

5 46 1557

5 47 1950

5 48 3975

5 49 1249

5 50 3969

5 51 2544

5 52 3232

5 53 1338

5 54 1050

5 55 2507

5 56 1641

5 57 2143

5 58 1444

5 59 1062

5 60 7598

5 61 2041

5 62 331

5 63 863

5 64 1715

5 65 1624

5 66 375

5 67 3278

5 68 3693

5 69 1362

5 70 994

5 71 828

5 72 807

5 73 4768

5 74 3580

5 75 1767

5 76 816

5 77 229

5 78 1796

5 79 2505

5 80 848

5 81 12292

5 82 768

5 83 4951

5 84 2492

5 85 1050

5 86 859

5 87 3421

5 88 2226

5 89 6345

5 90 715

5 91 2007

5 92 2121

5 93 810

5 94 3840

5 95 6601

5 96 278

5 97 713

5 98 4491

5 99 843

6 0 7772

6 1 308

6 2 2861

6 3 3572

6 4 4367

6 5 1170

6 6 3642

6 7 2248

6 8 1316

6 9 1111

6 10 2542

6 11 7089

6 12 779

6 13 5213

6 14 8481

6 15 81

6 16 5467

6 17 675

6 18 8158

6 19 5128

6 20 5936

6 21 8582

6 22 2367

6 23 624

6 24 1448

6 25 8388

6 26 1753

6 27 1887

6 28 2053

6 29 955

6 30 2339

6 31 1814

6 32 1668

6 33 17201

6 34 2460

6 35 2013

6 36 2527

6 37 8456

6 38 5214

6 39 2213

6 40 385

6 41 405

6 42 208

6 43 2994

6 44 6057

6 45 2340

6 46 2914

6 47 2478

6 48 6772

6 49 10958

6 50 5159

6 51 3327

6 52 1519

6 53 921

6 54 984

6 55 2258

6 56 2418

6 57 1051

6 58 4751

6 59 2296

6 60 2506

6 61 7645

6 62 1586

6 63 323

6 64 2143

6 65 5881

6 66 235

6 67 3072

6 68 1316

6 69 11723

6 70 6517

6 71 2576

6 72 1132

6 73 16141

6 74 2221

6 75 5070

6 76 9469

6 77 7043

6 78 3152

6 79 3997

6 80 875

6 81 2669

6 82 6367

6 83 484

6 84 4770

6 85 566

6 86 4175

6 87 2380

6 88 2397

6 89 546

6 90 2277

6 91 5990

6 92 1818

6 93 2749

6 94 2783

6 95 3695

6 96 10313

6 97 5465

6 98 259

6 99 9531

7 0 5651

7 1 18902

7 2 2479

7 3 1883

7 4 2764

7 5 1735

7 6 6797

7 7 4823

7 8 1019

7 9 2816

7 10 5336

7 11 587

7 12 1722

7 13 22932

7 14 170

7 15 33981

7 16 6858

7 17 2014

7 18 22217

7 19 3372

7 20 12273

7 21 2152

7 22 2076

7 23 8142

7 24 5971

7 25 5868

7 26 27798

7 27 30248

7 28 11913

7 29 1027

7 30 1383

7 31 5803

7 32 8009

7 33 11186

7 34 15457

7 35 13853

7 36 2178

7 37 1897

7 38 1257

7 39 1135

7 40 4646

7 41 5869

7 42 5591

7 43 429

7 44 2517

7 45 4958

7 46 8251

7 47 18520

7 48 395

7 49 4304

7 50 12587

7 51 283

7 52 243

7 53 1543

7 54 7260

7 55 7094

7 56 5416

7 57 2882

7 58 13269

7 59 14163

7 60 13244

7 61 13008

7 62 2905

7 63 3166

7 64 26612

7 65 2397

7 66 9942

7 67 12380

7 68 574

7 69 9325

7 70 4917

7 71 1108

7 72 5035

7 73 4084

7 74 5822

7 75 4580

7 76 374

7 77 15155

7 78 1105

7 79 14696

7 80 16427

7 81 2382

7 82 9393

7 83 9253

7 84 1099

7 85 1757

7 86 5152

7 87 19940

7 88 19161

7 89 3583

7 90 2681

7 91 1145

7 92 8434

7 93 3608

7 94 4372

7 95 774

7 96 4002

7 97 230

7 98 7948

7 99 9368

