2 0 3280358

2 1 1367668

2 2 1175547

2 3 424977

2 4 647515

2 5 1080880

2 6 1103909

2 7 513808

2 8 1168204

2 9 2452708

2 10 1323595

2 11 2184086

2 12 913832

2 13 1921176

2 14 984372

2 15 1559917

2 16 1343120

2 17 1079935

2 18 440794

2 19 915267

2 20 705078

2 21 1088954

2 22 535534

2 23 2122317

2 24 1408230

2 25 1563819

2 26 510172

2 27 1688721

2 28 2251639

2 29 630198

2 30 2067416

2 31 501265

2 32 1950252

2 33 450671

2 34 572354

2 35 1633099

2 36 487408

2 37 713092

2 38 1817214

2 39 1002507

2 40 751758

2 41 922776

2 42 756283

2 43 499688

2 44 593649

2 45 1676724

2 46 2096336

2 47 369039

2 48 1396485

2 49 1871934

2 50 1392693

2 51 786030

2 52 1012552

2 53 1250892

2 54 622473

2 55 544730

2 56 1139582

2 57 247852

2 58 527389

2 59 2407210

2 60 668106

2 61 1021649

2 62 1123010

2 63 2564629

2 64 783032

2 65 386879

2 66 742205

2 67 2730190

2 68 2509336

2 69 776009

2 70 658265

2 71 1224821

2 72 683399

2 73 635573

2 74 2450018

2 75 224359

2 76 961867

2 77 994719

2 78 252584

2 79 732827

2 80 748391

2 81 591907

2 82 1223239

2 83 1762155

2 84 350565

2 85 4467819

2 86 2508905

2 87 2772767

2 88 1568858

2 89 1365309

2 90 1126668

2 91 1970882

2 92 425089

2 93 428850

2 94 1049765

2 95 2006304

2 96 345961

2 97 602695

2 98 390847

2 99 1494323

3 0 808050

3 1 213563

3 2 780535

3 3 867576

3 4 279573

3 5 229690

3 6 464503

3 7 892268

3 8 259702

3 9 419971

3 10 236415

3 11 371313

3 12 261119

3 13 120496

3 14 1346668

3 15 840652

3 16 471867

3 17 667744

3 18 301177

3 19 130189

3 20 337899

3 21 342564

3 22 738967

3 23 1041836

3 24 313645

3 25 1072592

3 26 335924

3 27 507734

3 28 1489658

3 29 117765

3 30 1280979

3 31 1133812

3 32 549226

3 33 199484

3 34 555889

3 35 500662

3 36 438677

3 37 445250

3 38 145595

3 39 478552

3 40 132716

3 41 115214

3 42 462461

3 43 182438

3 44 221316

3 45 589224

3 46 608980

3 47 688323

3 48 317247

3 49 123635

3 50 203303

3 51 154015

3 52 211183

3 53 1382936

3 54 329235

3 55 526926

3 56 99453

3 57 634770

3 58 804389

3 59 242882

3 60 239069

3 61 388258

3 62 291401

3 63 682011

3 64 736852

3 65 478629

3 66 705783

3 67 449440

3 68 292391

3 69 207562

3 70 389211

3 71 267586

3 72 1182632

3 73 178216

3 74 157359

3 75 356285

3 76 425697

3 77 551868

3 78 156051

3 79 102824

3 80 170275

3 81 411911

3 82 200816

3 83 235833

3 84 1161676

3 85 701251

3 86 630510

3 87 347307

3 88 202109

3 89 234577

3 90 361636

3 91 657616

3 92 689424

3 93 200891

3 94 188055

3 95 471766

3 96 581513

3 97 678267

3 98 214294

3 99 199866

4 0 691634

4 1 177204

4 2 321207

4 3 614759

4 4 320051

4 5 197169

4 6 272628

4 7 170099

4 8 72964

4 9 281593

4 10 83742

4 11 168481

4 12 408032

4 13 187804

4 14 176601

4 15 439938

4 16 380608

4 17 112605

4 18 145157

4 19 107540

4 20 127527

4 21 520863

4 22 95155

4 23 184105

4 24 159942

4 25 276813

4 26 289781

4 27 84549

4 28 196628

4 29 118719

4 30 273033

4 31 378872

4 32 108850

4 33 196419

4 34 162189

4 35 221818

4 36 291409

4 37 634113

4 38 443562

4 39 318313

4 40 203724

4 41 487831

4 42 99439

4 43 213627

4 44 143669

4 45 132708

4 46 76098

4 47 121133

4 48 142479

4 49 86884

4 50 255170

4 51 81557

4 52 124266

4 53 313614

4 54 149343

4 55 532428

4 56 62550

4 57 114247

4 58 158857

4 59 260849

4 60 52600

4 61 265204

4 62 437592

4 63 84896

4 64 192470

4 65 97660

4 66 225682

4 67 949382

4 68 113736

4 69 50497

4 70 357728

4 71 299952

4 72 105216

4 73 621984

4 74 41232

4 75 138776

4 76 121074

4 77 140701

4 78 155023

4 79 281447

4 80 132767

4 81 377142

4 82 154841

4 83 111929

4 84 457093

4 85 540609

4 86 611134

4 87 218625

4 88 90203

4 89 88620

4 90 112378

4 91 398679

4 92 204917

4 93 386888

4 94 29379

4 95 156780

4 96 172652

4 97 144718

4 98 175036

4 99 851981

5 0 129696

5 1 53099

5 2 204355

5 3 28627

5 4 272706

5 5 459010

5 6 269288

5 7 267855

5 8 33668

5 9 46134

5 10 423238

5 11 248681

5 12 156778

5 13 96834

5 14 82619

5 15 41187

5 16 239534

5 17 82083

5 18 112445

5 19 61235

5 20 172809

5 21 61511

5 22 262783

5 23 198132

5 24 450841

5 25 253917

5 26 51598

5 27 142396

5 28 269817

5 29 110443

5 30 100193

5 31 174003

5 32 83692

5 33 76388

5 34 145501

5 35 81422

5 36 36921

5 37 55974

5 38 32818

5 39 322885

5 40 234624

5 41 59905

5 42 293202

5 43 96336

5 44 104781

5 45 189725

5 46 45146

5 47 77736

5 48 126165

5 49 66518

5 50 124949

5 51 78471

5 52 409520

5 53 78336

5 54 77462

5 55 43831

5 56 146083

5 57 31697

5 58 75876

5 59 80329

5 60 192541

5 61 407196

5 62 92771

5 63 62461

5 64 232617

5 65 103832

5 66 156972

5 67 28391

5 68 63480

5 69 112433

5 70 94369

5 71 67132

5 72 268617

5 73 54464

5 74 301410

5 75 187114

5 76 108144

5 77 506571

5 78 679577

5 79 55489

5 80 280806

5 81 113852

5 82 38636

5 83 317498

5 84 287073

5 85 119039

5 86 114729

5 87 16966

5 88 62706

5 89 112681

5 90 174408

5 91 56148

5 92 101965

5 93 105791

5 94 203355

5 95 72393

5 96 55312

5 97 115462

5 98 133009

5 99 346509

6 0 97271

6 1 80156

6 2 273627

6 3 150696

6 4 188518

6 5 49480

6 6 75576

6 7 78057

6 8 37973

6 9 36690

6 10 120225

6 11 115439

6 12 325768

6 13 46610

6 14 63175

6 15 140605

6 16 24999

6 17 72273

6 18 34651

6 19 66976

6 20 52538

6 21 24329

6 22 33603

6 23 79902

6 24 44550

6 25 83132

6 26 73373

6 27 80653

6 28 97655

6 29 43258

6 30 23218

6 31 36261

6 32 106116

6 33 151602

6 34 59660

6 35 90055

6 36 36904

6 37 38971

6 38 23747

6 39 52037

6 40 193763

6 41 61453

6 42 42755

6 43 89372

6 44 55253

6 45 49386

6 46 47768

6 47 111869

6 48 115264

6 49 167050

6 50 46154

6 51 136755

6 52 134904

6 53 38860

6 54 279470

6 55 37052

6 56 87136

6 57 41376

6 58 58655

6 59 68509

6 60 39720

6 61 15582

6 62 122878

6 63 41679

6 64 78822

6 65 29737

6 66 295080

6 67 153885

6 68 37252

6 69 145491

6 70 77451

6 71 23172

6 72 55093

6 73 199292

6 74 50333

6 75 119198

6 76 69033

6 77 18003

6 78 57441

6 79 48272

6 80 24989

6 81 71363

6 82 192630

6 83 230300

6 84 18718

6 85 43892

6 86 98309

6 87 192556

6 88 54655

6 89 98254

6 90 239261

6 91 95861

6 92 115596

6 93 282450

6 94 59741

6 95 41172

6 96 63020

6 97 43824

6 98 117285

6 99 233965

7 0 30080

7 1 78406

7 2 16838

7 3 200235

7 4 30601

7 5 38351

7 6 18502

7 7 57682

7 8 77531

7 9 90625

7 10 12728

7 11 91486

7 12 38704

7 13 62736

7 14 76498

7 15 18112

7 16 74539

7 17 36951

7 18 21866

7 19 23499

7 20 68050

7 21 47683

7 22 71407

7 23 28829

7 24 95731

7 25 25704

7 26 28672

7 27 39990

7 28 92515

7 29 79652

7 30 35522

7 31 72139

7 32 157914

7 33 33337

7 34 78205

7 35 102088

7 36 54930

7 37 63928

7 38 60860

7 39 36341

7 40 67878

7 41 68055

7 42 37560

7 43 77614

7 44 37381

7 45 215946

7 46 58273

7 47 47864

7 48 42209

7 49 52703

7 50 31425

7 51 95542

7 52 64350

7 53 66003

7 54 48004

7 55 70911

7 56 70053

7 57 39158

7 58 109209

7 59 121460

7 60 53441

7 61 65206

7 62 10532

7 63 52160

7 64 87157

7 65 32402

7 66 29831

7 67 7523

7 68 73140

7 69 36547

7 70 59939

7 71 67767

7 72 54242

7 73 22760

7 74 51998

7 75 57471

7 76 37178

7 77 20966

7 78 79363

7 79 24568

7 80 150459

7 81 28265

7 82 39183

7 83 106204

7 84 28620

7 85 121530

7 86 18874

7 87 98717

7 88 28438

7 89 32947

7 90 25459

7 91 56220

7 92 73702

7 93 39946

7 94 47132

7 95 21670

7 96 23848

7 97 25859

7 98 115661

7 99 44964

8 0 39579

8 1 36683

8 2 65166

8 3 6621

8 4 12640

8 5 37457

8 6 226107

8 7 64187

8 8 33598

8 9 14848

8 10 46998

8 11 37337

8 12 30211

8 13 163560

8 14 88790

8 15 75173

8 16 76420

8 17 16597

8 18 37796

8 19 21555

8 20 46273

8 21 12812

8 22 13049

8 23 31988

8 24 26771

8 25 111963

8 26 51718

8 27 26724

8 28 7281

8 29 79124

8 30 36197

8 31 108248

8 32 20232

8 33 39773

8 34 13350

8 35 32821

8 36 18895

8 37 128306

8 38 44463

8 39 54931

8 40 53147

8 41 30199

8 42 15353

8 43 10192

8 44 56538

8 45 11398

8 46 48533

8 47 9644

8 48 85780

8 49 33639

8 50 82633

8 51 31337

8 52 22546

8 53 83299

8 54 78248

8 55 41229

8 56 9641

8 57 95547

8 58 41313

8 59 35401

8 60 62947

8 61 64590

8 62 48547

8 63 16725

8 64 26425

8 65 53820

8 66 42037

8 67 45094

8 68 34435

8 69 71455

8 70 31998

8 71 31279

8 72 4779

8 73 25413

8 74 22540

8 75 44488

8 76 25362

8 77 74663

8 78 37999

8 79 27764

8 80 70000

8 81 50564

8 82 26075

8 83 20719

8 84 20274

8 85 40787

8 86 31746

8 87 75150

8 88 47521

8 89 51711

8 90 38151

8 91 16203

8 92 53677

8 93 48913

8 94 32863

8 95 30274

8 96 41878

8 97 125965

8 98 28247

8 99 13075

9 0 14862

9 1 15312

9 2 25118

9 3 21234

9 4 34769

9 5 44986

9 6 10930

9 7 159559

9 8 35216

9 9 42202

9 10 58445

9 11 42923

9 12 6954

9 13 62707

9 14 9416

9 15 60815

9 16 10867

9 17 28940

9 18 13235

9 19 5661

9 20 83366

9 21 25592

9 22 12824

9 23 33049

9 24 41433

9 25 23776

9 26 10895

9 27 82883

9 28 23761

9 29 41560

9 30 28210

9 31 74659

9 32 111298

9 33 23298

9 34 30284

9 35 14397

9 36 105226

9 37 17904

9 38 56237

9 39 24485

9 40 47902

9 41 26736

9 42 47083

9 43 19976

9 44 18923

9 45 91164

9 46 14508

9 47 10641

9 48 23455

9 49 36965

9 50 21120

9 51 13829

9 52 59711

9 53 48924

9 54 75373

9 55 111749

9 56 148466

9 57 49479

9 58 22376

9 59 61109

9 60 18619

9 61 28182

9 62 63451

9 63 45771

9 64 24058

9 65 28719

9 66 45549

9 67 29715

9 68 33658

9 69 15879

9 70 22311

9 71 75585

9 72 64258

9 73 42791

9 74 32082

9 75 60905

9 76 11536

9 77 6943

9 78 23602

9 79 14548

9 80 7704

9 81 15963

9 82 19112

9 83 61886

9 84 16294

9 85 51554

9 86 8398

9 87 66302

9 88 19679

9 89 63151

9 90 3915

9 91 19050

9 92 208220

9 93 55410

9 94 7389

9 95 9373

9 96 20092

9 97 53463

9 98 22636

9 99 84738

10 0 42355

10 1 12996

10 2 47357

10 3 32719

10 4 28678

10 5 56418

10 6 34324

10 7 20001

10 8 24553

10 9 75840

10 10 26130

10 11 37722

10 12 57239

10 13 25896

10 14 75185

10 15 25279

10 16 22058

10 17 15994

10 18 7581

10 19 22554

10 20 40444

10 21 32823

10 22 23934

10 23 56961

10 24 47511

10 25 13982

10 26 20031

10 27 17228

10 28 27858

10 29 21954

10 30 36274

10 31 11145

10 32 5782

10 33 14103

10 34 23739

10 35 54006

10 36 7502

10 37 18662

10 38 9703

10 39 22243

10 40 24623

10 41 74021

10 42 63586

10 43 45944

10 44 24771

10 45 21443

10 46 15406

10 47 12123

10 48 20035

10 49 26175

10 50 43573

10 51 31256

10 52 13146

10 53 15967

10 54 12464

10 55 46264

10 56 30754

10 57 76769

10 58 6237

10 59 29166

10 60 34123

10 61 16433

10 62 42754

10 63 44775

10 64 9602

10 65 67999

10 66 7698

10 67 32832

10 68 120638

10 69 103488

10 70 36336

10 71 41557

10 72 17432

10 73 38591

10 74 14954

10 75 42749

10 76 3703

10 77 36268

10 78 36030

10 79 13150

10 80 40466

10 81 37592

10 82 12668

10 83 35643

10 84 14180

10 85 26613

10 86 74075

10 87 8776

10 88 30033

10 89 27249

10 90 66110

10 91 4988

10 92 50717

10 93 14864

10 94 31004

10 95 43788

10 96 54116

10 97 31760

10 98 38626

10 99 9692

