10 0 243

10 1 37

10 2 181

10 3 622

10 4 1081

10 5 342

10 6 693

10 7 477

10 8 400

10 9 163

10 10 56

10 11 311

10 12 1044

10 13 180

10 14 349

10 15 222

10 16 62

10 17 242

10 18 304

10 19 211

10 20 215

10 21 107

10 22 405

10 23 548

10 24 472

10 25 207

10 26 255

10 27 41

10 28 53

10 29 70

10 30 561

10 31 416

10 32 610

10 33 278

10 34 62

10 35 503

10 36 331

10 37 280

10 38 116

10 39 404

10 40 458

10 41 157

10 42 181

10 43 496

10 44 108

10 45 40

10 46 632

10 47 936

10 48 190

10 49 351

10 50 557

10 51 406

10 52 28

10 53 186

10 54 304

10 55 298

10 56 308

10 57 43

10 58 457

10 59 152

10 60 316

10 61 563

10 62 27

10 63 81

10 64 383

10 65 618

10 66 960

10 67 316

10 68 253

10 69 694

10 70 117

10 71 13

10 72 493

10 73 546

10 74 300

10 75 19

10 76 402

10 77 52

10 78 76

10 79 60

10 80 125

10 81 671

10 82 18

10 83 307

10 84 387

10 85 986

10 86 757

10 87 323

10 88 469

10 89 202

10 90 64

10 91 241

10 92 375

10 93 661

10 94 114

10 95 127

10 96 901

10 97 124

10 98 177

10 99 329

20 0 2782

20 1 5765

20 2 1024

20 3 2287

20 4 1880

20 5 3973

20 6 1040

20 7 3435

20 8 694

20 9 1257

20 10 1674

20 11 1614

20 12 5197

20 13 8284

20 14 2471

20 15 3468

20 16 2340

20 17 1371

20 18 7677

20 19 8588

20 20 1924

20 21 570

20 22 2877

20 23 5156

20 24 2094

20 25 2366

20 26 2686

20 27 1309

20 28 1892

20 29 761

20 30 9461

20 31 1367

20 32 3195

20 33 5884

20 34 930

20 35 1000

20 36 3214

20 37 2497

20 38 5993

20 39 8425

20 40 2427

20 41 2827

20 42 479

20 43 7167

20 44 8259

20 45 4300

20 46 4322

20 47 7593

20 48 3845

20 49 1422

20 50 1421

20 51 3202

20 52 5617

20 53 708

20 54 7375

20 55 3889

20 56 1553

20 57 1377

20 58 5535

20 59 2916

20 60 2552

20 61 1165

20 62 2356

20 63 2482

20 64 1058

20 65 5073

20 66 908

20 67 1544

20 68 5665

20 69 742

20 70 2830

20 71 1784

20 72 724

20 73 2256

20 74 2332

20 75 8098

20 76 2310

20 77 1563

20 78 4842

20 79 1268

20 80 2167

20 81 2014

20 82 1328

20 83 11211

20 84 2853

20 85 2786

20 86 3831

20 87 5938

20 88 402

20 89 4717

20 90 3299

20 91 949

20 92 129

20 93 3512

20 94 1138

20 95 5352

20 96 2154

20 97 3642

20 98 8321

20 99 2061

30 0 40688

30 1 2883

30 2 6513

30 3 5546

30 4 12669

30 5 29952

30 6 10756

30 7 21785

30 8 7894

30 9 11738

30 10 12245

30 11 5558

30 12 16925

30 13 25376

30 14 1753

30 15 7778

30 16 9940

30 17 4738

30 18 2922

30 19 3229

30 20 11873

30 21 11736

30 22 14464

30 23 1239

30 24 5998

30 25 5101

30 26 12358

30 27 4385

30 28 11720

30 29 10264

30 30 24791

30 31 6220

30 32 21323

30 33 25721

30 34 20035

30 35 10390

30 36 10314

30 37 3031

30 38 2323

30 39 11126

30 40 20515

30 41 5718

30 42 13617

30 43 13008

30 44 1666

30 45 798

30 46 18451

30 47 21691

30 48 10891

30 49 7842

30 50 4917

30 51 20451

30 52 22884

30 53 5999

30 54 47804

30 55 4527

30 56 7191

30 57 7819

30 58 5335

30 59 16308

30 60 12079

30 61 6557

30 62 17645

30 63 3114

30 64 9184

30 65 12706

30 66 4898

30 67 3840

30 68 6690

30 69 4387

30 70 20554

30 71 14112

30 72 14906

30 73 28208

30 74 10334

30 75 3651

30 76 10716

30 77 3021

30 78 1212

30 79 6784

30 80 8577

30 81 5662

30 82 22096

30 83 18554

30 84 4824

30 85 5936

30 86 2548

30 87 4621

30 88 5048

30 89 18570

30 90 5967

30 91 8032

30 92 14783

30 93 9908

30 94 20865

30 95 2324

30 96 8233

30 97 1631

30 98 14064

30 99 5053

40 0 63783

40 1 16025

40 2 57014

40 3 24508

40 4 9761

40 5 84793

40 6 44129

40 7 35322

40 8 13670

40 9 55222

40 10 66928

40 11 32522

40 12 10292

40 13 63367

40 14 39609

40 15 50231

40 16 42736

40 17 24126

40 18 29373

40 19 24436

40 20 10486

40 21 29822

40 22 15315

40 23 67204

40 24 36162

40 25 51525

40 26 23978

40 27 9118

40 28 12728

40 29 9110

40 30 83983

40 31 17726

40 32 173473

40 33 17431

40 34 21801

40 35 38469

40 36 18163

40 37 12248

40 38 42953

40 39 19869

40 40 11777

40 41 15234

40 42 7680

40 43 54166

40 44 22124

40 45 3437

40 46 21770

40 47 51167

40 48 19748

40 49 47491

40 50 46332

40 51 26858

40 52 19783

40 53 9236

40 54 37606

40 55 14920

40 56 14833

40 57 16217

40 58 15061

40 59 20476

40 60 12726

40 61 5407

40 62 10060

40 63 23735

40 64 61199

40 65 31822

40 66 35203

40 67 18750

40 68 13077

40 69 26576

40 70 10741

40 71 14038

40 72 57962

40 73 47165

40 74 41665

40 75 41507

40 76 10967

40 77 45609

40 78 27097

40 79 17432

40 80 19734

40 81 69521

40 82 24979

40 83 9216

40 84 23895

40 85 45444

40 86 5862

40 87 39807

40 88 34257

40 89 110638

40 90 37938

40 91 10383

40 92 25189

40 93 14148

40 94 5196

40 95 43971

40 96 13445

40 97 9446

40 98 47917

40 99 61164

50 0 89677

50 1 53945

50 2 30188

50 3 53251

50 4 43394

50 5 137452

50 6 16537

50 7 22559

50 8 73828

50 9 43681

50 10 23326

50 11 40149

50 12 21321

50 13 23380

50 14 114280

50 15 32655

50 16 4793

50 17 20539

50 18 57762

50 19 25507

50 20 38409

50 21 39351

50 22 23654

50 23 168669

50 24 31381

50 25 109331

50 26 103979

50 27 142139

50 28 21964

50 29 56218

50 30 93635

50 31 102974

50 32 19338

50 33 39055

50 34 97683

50 35 90202

50 36 121316

50 37 41036

50 38 164918

50 39 50251

50 40 31678

50 41 39689

50 42 55350

50 43 77236

50 44 42819

50 45 27068

50 46 70784

50 47 47925

50 48 46041

50 49 8039

50 50 9798

50 51 35557

50 52 23217

50 53 22061

50 54 30833

50 55 62806

50 56 34595

50 57 34840

50 58 64076

50 59 28025

50 60 36490

50 61 105694

50 62 64335

50 63 9823

50 64 79624

50 65 21948

50 66 15655

50 67 106584

50 68 54729

50 69 25482

50 70 110797

50 71 33329

50 72 47105

50 73 22624

50 74 72885

50 75 23899

50 76 51486

50 77 25088

50 78 10320

50 79 164428

50 80 15030

50 81 36197

50 82 7209

50 83 110391

50 84 103973

50 85 30636

50 86 25380

50 87 46228

50 88 39977

50 89 171876

50 90 13144

50 91 10163

50 92 71686

50 93 135823

50 94 44597

50 95 19143

50 96 19642

50 97 19336

50 98 42743

50 99 90056

60 0 105397

60 1 35687

60 2 30810

60 3 82556

60 4 27440

60 5 216071

60 6 199198

60 7 128470

60 8 85983

60 9 89209

60 10 46231

60 11 122033

60 12 119267

60 13 28180

60 14 21363

60 15 22445

60 16 196289

60 17 43976

60 18 64248

60 19 102601

60 20 70325

60 21 88006

60 22 209505

60 23 124940

60 24 24328

60 25 39074

60 26 89815

60 27 185450

60 28 101982

60 29 57550

60 30 55284

60 31 82992

60 32 80286

60 33 169176

60 34 58313

60 35 65735

60 36 10897

60 37 71376

60 38 253157

60 39 482956

60 40 243179

60 41 63951

60 42 281960

60 43 22757

60 44 97541

60 45 107192

60 46 88584

60 47 84461

60 48 53650

60 49 56779

60 50 119317

60 51 72021

60 52 34977

60 53 218054

60 54 128928

60 55 89706

60 56 21370

60 57 28946

60 58 88848

60 59 103830

60 60 100556

60 61 84039

60 62 192825

60 63 46807

60 64 20164

60 65 43184

60 66 70890

60 67 81993

60 68 31434

60 69 279375

60 70 154359

60 71 81572

60 72 187955

60 73 116178

60 74 92831

60 75 48543

60 76 32102

60 77 65600

60 78 62436

60 79 369969

60 80 221680

60 81 75265

60 82 51874

60 83 183398

60 84 284729

60 85 103943

60 86 74319

60 87 214008

60 88 29304

60 89 23092

60 90 34079

60 91 29740

60 92 25896

60 93 26197

60 94 82783

60 95 544549

60 96 29531

60 97 64564

60 98 311987

60 99 60949

70 0 166217

70 1 77207

70 2 169506

70 3 292856

70 4 430251

70 5 39044

70 6 222136

70 7 211801

70 8 62140

70 9 390988

70 10 72032

70 11 107617

70 12 80556

70 13 300366

70 14 374092

70 15 169597

70 16 115188

70 17 200879

70 18 82633

70 19 32521

70 20 50744

70 21 300591

70 22 111681

70 23 93268

70 24 115795

70 25 47327

70 26 89500

70 27 51336

70 28 54530

70 29 95378

70 30 197713

70 31 107427

70 32 69727

70 33 47070

70 34 214053

70 35 122851

70 36 334042

70 37 131757

70 38 256487

70 39 39623

70 40 466121

70 41 60859

70 42 46327

70 43 117848

70 44 170951

70 45 224107

70 46 130905

70 47 71746

70 48 315696

70 49 66616

70 50 158242

70 51 125139

70 52 113915

70 53 191745

70 54 212645

70 55 146742

70 56 279837

70 57 141642

70 58 459666

70 59 142246

70 60 145428

70 61 132508

70 62 93258

70 63 141037

70 64 76077

70 65 143421

70 66 92431

70 67 82404

70 68 90189

70 69 137439

70 70 213337

70 71 73214

70 72 96727

70 73 120516

70 74 74858

70 75 29704

70 76 179857

70 77 146730

70 78 99652

70 79 192858

70 80 95500

70 81 143568

70 82 125851

70 83 59948

70 84 201076

70 85 332363

70 86 132596

70 87 466111

70 88 60810

70 89 45743

70 90 124486

70 91 68815

70 92 131419

70 93 44508

70 94 31692

70 95 30401

70 96 64324

70 97 25652

70 98 115008

70 99 248022

80 0 42882

80 1 114567

80 2 51317

80 3 419895

80 4 136636

80 5 333248

80 6 217077

80 7 82770

80 8 228600

80 9 423367

80 10 54175

80 11 208376

80 12 1172798

80 13 222301

80 14 114670

80 15 87260

80 16 196308

80 17 80995

80 18 460071

80 19 359953

80 20 472817

80 21 174929

80 22 106717

80 23 900977

80 24 113078

80 25 77200

80 26 588545

80 27 207658

80 28 98928

80 29 78465

80 30 190154

80 31 312292

80 32 79870

80 33 503982

80 34 58938

80 35 283847

80 36 390085

80 37 68112

80 38 290139

80 39 154363

80 40 202137

80 41 102148

80 42 48020

80 43 60434

80 44 234596

80 45 365584

80 46 215894

80 47 176193

80 48 221544

80 49 377546

80 50 180178

80 51 237641

80 52 135697

80 53 110957

80 54 801823

80 55 402470

80 56 595446

80 57 295230

80 58 169152

80 59 664340

80 60 76622

80 61 265642

80 62 393843

80 63 246636

80 64 139953

80 65 320582

80 66 241735

80 67 195618

80 68 215911

80 69 183628

80 70 154311

80 71 485921

80 72 302830

80 73 51171

80 74 332964

80 75 62754

80 76 287221

80 77 102791

80 78 121954

80 79 101219

80 80 276026

80 81 129268

80 82 95278

80 83 245697

80 84 58828

80 85 209476

80 86 116466

80 87 267184

80 88 93370

80 89 89388

80 90 335890

80 91 268559

80 92 453462

80 93 145407

80 94 233666

80 95 513993

80 96 237617

80 97 190686

80 98 191426

80 99 107118

90 0 368940

90 1 177943

90 2 595670

90 3 127751

90 4 252902

90 5 257293

90 6 308100

90 7 89095

90 8 113779

90 9 187823

90 10 347712

90 11 234585

90 12 115917

90 13 795972

90 14 78093

90 15 123023

90 16 423964

90 17 133476

90 18 142198

90 19 97606

90 20 56681

90 21 163179

90 22 138465

90 23 233467

90 24 536036

90 25 293072

90 26 210873

90 27 408286

90 28 173183

90 29 537622

90 30 1163665

90 31 136960

90 32 740149

90 33 658136

90 34 302723

90 35 241597

90 36 161498

90 37 281342

90 38 295921

90 39 489520

90 40 325501

90 41 216790

90 42 252595

90 43 486644

90 44 289340

90 45 361488

90 46 956583

90 47 329200

90 48 63995

90 49 497073

90 50 138195

90 51 546908

90 52 221365

90 53 45756

90 54 485959

90 55 111967

90 56 506439

90 57 646868

90 58 917381

90 59 401150

90 60 123587

90 61 258806

90 62 893805

90 63 126994

90 64 263801

90 65 286192

90 66 548306

90 67 488012

90 68 186048

90 69 501820

90 70 80242

90 71 228514

90 72 396944

90 73 114547

90 74 166402

90 75 144290

90 76 114920

90 77 161850

90 78 776033

90 79 413651

90 80 133012

90 81 46590

90 82 393864

90 83 1014914

90 84 534615

90 85 218012

90 86 739236

90 87 40603

90 88 156555

90 89 831747

90 90 439913

90 91 137818

90 92 269946

90 93 448334

90 94 93912

90 95 419045

90 96 870836

90 97 575127

90 98 1084321

90 99 194993

