10 0 410

10 1 1290

10 2 870

10 3 750

10 4 420

10 5 280

10 6 2650

10 7 70

10 8 2390

10 9 670

10 10 4020

10 11 1300

10 12 1950

10 13 1870

10 14 920

10 15 1000

10 16 4120

10 17 1580

10 18 1630

10 19 780

10 20 990

10 21 870

10 22 650

10 23 960

10 24 330

10 25 500

10 26 1060

10 27 790

10 28 290

10 29 4920

10 30 730

10 31 800

10 32 1920

10 33 1830

10 34 1880

10 35 3660

10 36 990

10 37 2840

10 38 1420

10 39 110

10 40 410

10 41 1040

10 42 640

10 43 240

10 44 1020

10 45 170

10 46 950

10 47 300

10 48 360

10 49 310

10 50 3590

10 51 1750

10 52 980

10 53 5110

10 54 260

10 55 630

10 56 860

10 57 1940

10 58 940

10 59 790

10 60 190

10 61 1650

10 62 490

10 63 490

10 64 240

10 65 560

10 66 190

10 67 130

10 68 40

10 69 480

10 70 970

10 71 700

10 72 1890

10 73 5260

10 74 1350

10 75 1150

10 76 1050

10 77 1630

10 78 1300

10 79 630

10 80 1690

10 81 780

10 82 1210

10 83 450

10 84 640

10 85 550

10 86 510

10 87 670

10 88 560

10 89 130

10 90 1200

10 91 160

10 92 1720

10 93 750

10 94 310

10 95 1380

10 96 2340

10 97 1010

10 98 1730

10 99 1440

20 0 1300

20 1 3600

20 2 2260

20 3 2560

20 4 9980

20 5 10980

20 6 1660

20 7 3240

20 8 6120

20 9 3280

20 10 1640

20 11 8640

20 12 1760

20 13 4420

20 14 5200

20 15 2620

20 16 1940

20 17 6240

20 18 2360

20 19 6120

20 20 9140

20 21 8680

20 22 3400

20 23 6740

20 24 1140

20 25 3380

20 26 4560

20 27 780

20 28 2280

20 29 5080

20 30 3600

20 31 3520

20 32 5280

20 33 4540

20 34 14980

20 35 9140

20 36 4000

20 37 12400

20 38 3780

20 39 22720

20 40 18520

20 41 4180

20 42 10500

20 43 3640

20 44 6160

20 45 3080

20 46 5660

20 47 20340

20 48 8180

20 49 4920

20 50 14640

20 51 1740

20 52 2400

20 53 15020

20 54 3920

20 55 15120

20 56 9400

20 57 5760

20 58 5620

20 59 2780

20 60 4860

20 61 9280

20 62 7660

20 63 5920

20 64 2980

20 65 3480

20 66 13280

20 67 8580

20 68 4900

20 69 3340

20 70 2580

20 71 4620

20 72 6700

20 73 500

20 74 17240

20 75 4100

20 76 2080

20 77 6460

20 78 3960

20 79 7280

20 80 7200

20 81 1040

20 82 7620

20 83 1140

20 84 6640

20 85 19540

20 86 2720

20 87 4020

20 88 12140

20 89 8180

20 90 15840

20 91 1620

20 92 10200

20 93 3360

20 94 820

20 95 5980

20 96 10660

20 97 15660

20 98 2900

20 99 1080

30 0 27480

30 1 45060

30 2 13230

30 3 3120

30 4 44610

30 5 14520

30 6 12930

30 7 720

30 8 17220

30 9 7950

30 10 4770

30 11 15300

30 12 14700

30 13 27180

30 14 8490

30 15 11040

30 16 16230

30 17 11400

30 18 15330

30 19 9000

30 20 22320

30 21 10740

30 22 3390

30 23 9750

30 24 20850

30 25 3270

30 26 24090

30 27 7830

30 28 3840

30 29 5700

30 30 28740

30 31 23820

30 32 4560

30 33 6480

30 34 10740

30 35 14700

30 36 2250

30 37 9300

30 38 16380

30 39 3720

30 40 31230

30 41 22530

30 42 22800

30 43 13380

30 44 16590

30 45 4350

30 46 14430

30 47 5790

30 48 19260

30 49 4590

30 50 19920

30 51 4020

30 52 5100

30 53 4680

30 54 7170

30 55 14970

30 56 28890

30 57 15060

30 58 16320

30 59 15960

30 60 50160

30 61 6840

30 62 34320

30 63 19350

30 64 8640

30 65 9000

30 66 18450

30 67 9420

30 68 4050

30 69 21480

30 70 29820

30 71 21750

30 72 20730

30 73 21840

30 74 8460

30 75 7170

30 76 11250

30 77 8970

30 78 7860

30 79 23520

30 80 28920

30 81 6210

30 82 31350

30 83 22770

30 84 16920

30 85 33900

30 86 3150

30 87 51450

30 88 3720

30 89 25020

30 90 27270

30 91 7140

30 92 2160

30 93 22830

30 94 5940

30 95 20940

30 96 3510

30 97 20430

30 98 9840

30 99 3780

40 0 64560

40 1 30800

40 2 33000

40 3 12520

40 4 7320

40 5 9640

40 6 20720

40 7 40840

40 8 28360

40 9 4280

40 10 55320

40 11 19520

40 12 8640

40 13 18840

40 14 61080

40 15 51760

40 16 33200

40 17 32040

40 18 21040

40 19 54320

40 20 4480

40 21 6800

40 22 47120

40 23 14920

40 24 18600

40 25 4120

40 26 28840

40 27 23960

40 28 12920

40 29 9080

40 30 96040

40 31 25320

40 32 12680

40 33 16360

40 34 28040

40 35 20480

40 36 12240

40 37 48240

40 38 37200

40 39 14840

40 40 37920

40 41 30280

40 42 27880

40 43 13280

40 44 32440

40 45 58640

40 46 2160

40 47 29120

40 48 12440

40 49 23120

40 50 11280

40 51 44800

40 52 18200

40 53 12000

40 54 25600

40 55 9880

40 56 7160

40 57 16280

40 58 32640

40 59 20320

40 60 22360

40 61 6360

40 62 7720

40 63 30880

40 64 35360

40 65 13880

40 66 32120

40 67 43360

40 68 20960

40 69 10600

40 70 14680

40 71 9360

40 72 7480

40 73 9000

40 74 38000

40 75 10840

40 76 11320

40 77 3600

40 78 16080

40 79 9120

40 80 4400

40 81 26240

40 82 27600

40 83 17240

40 84 16760

40 85 43920

40 86 9920

40 87 11000

40 88 56920

40 89 7400

40 90 20160

40 91 17800

40 92 46480

40 93 27720

40 94 31720

40 95 22720

40 96 28000

40 97 18840

40 98 23760

40 99 28320

50 0 16100

50 1 265050

50 2 6700

50 3 55900

50 4 43750

50 5 30200

50 6 14550

50 7 12000

50 8 42800

50 9 7600

50 10 17850

50 11 83400

50 12 54350

50 13 34150

50 14 10750

50 15 9900

50 16 10100

50 17 51800

50 18 33550

50 19 43200

50 20 25050

50 21 21450

50 22 30900

50 23 70400

50 24 18700

50 25 22500

50 26 14350

50 27 39900

50 28 63350

50 29 66650

50 30 14400

50 31 78900

50 32 43950

50 33 12850

50 34 45500

50 35 44950

50 36 43250

50 37 89050

50 38 9750

50 39 72450

50 40 13300

50 41 39100

50 42 50100

50 43 121350

50 44 40500

50 45 35750

50 46 44200

50 47 30650

50 48 4250

50 49 34800

50 50 36800

50 51 34650

50 52 10250

50 53 10500

50 54 20700

50 55 60850

50 56 58700

50 57 15850

50 58 65900

50 59 69750

50 60 27950

50 61 50550

50 62 30550

50 63 51700

50 64 94650

50 65 34950

50 66 41700

50 67 74800

50 68 66300

50 69 105300

50 70 6400

50 71 4250

50 72 10050

50 73 9900

50 74 23200

50 75 51550

50 76 12850

50 77 81550

50 78 31150

50 79 7200

50 80 18800

50 81 33850

50 82 16300

50 83 19650

50 84 20250

50 85 53200

50 86 66500

50 87 11100

50 88 24000

50 89 37150

50 90 58550

50 91 66750

50 92 6500

50 93 90750

50 94 11850

50 95 34500

50 96 135100

50 97 88600

50 98 60400

50 99 28250

60 0 31740

60 1 56280

60 2 48600

60 3 11700

60 4 49140

60 5 15300

60 6 35520

60 7 31140

60 8 54540

60 9 49500

60 10 58140

60 11 110340

60 12 79620

60 13 27240

60 14 62640

60 15 8040

60 16 42960

60 17 11820

60 18 136320

60 19 25620

60 20 133560

60 21 22980

60 22 63060

60 23 136500

60 24 75300

60 25 112800

60 26 12660

60 27 41640

60 28 109980

60 29 34140

60 30 77160

60 31 43860

60 32 120660

60 33 53040

60 34 107640

60 35 18240

60 36 45420

60 37 198900

60 38 33420

60 39 48780

60 40 215340

60 41 14400

60 42 51060

60 43 12960

60 44 62760

60 45 32520

60 46 90780

60 47 7920

60 48 27960

60 49 23400

60 50 145440

60 51 142080

60 52 41640

60 53 93180

60 54 11340

60 55 60480

60 56 32100

60 57 49440

60 58 79800

60 59 32040

60 60 141480

60 61 16380

60 62 59580

60 63 57120

60 64 161940

60 65 116400

60 66 40980

60 67 37860

60 68 55380

60 69 33480

60 70 13980

60 71 28800

60 72 113580

60 73 93840

60 74 17460

60 75 7980

60 76 146100

60 77 29880

60 78 36540

60 79 16800

60 80 42060

60 81 59220

60 82 35160

60 83 81660

60 84 44220

60 85 84120

60 86 14100

60 87 38400

60 88 38280

60 89 50760

60 90 32580

60 91 51900

60 92 46860

60 93 52560

60 94 76680

60 95 16320

60 96 66360

60 97 32700

60 98 63480

60 99 24480

70 0 71680

70 1 115290

70 2 39830

70 3 165690

70 4 53620

70 5 114450

70 6 25340

70 7 63140

70 8 31570

70 9 41090

70 10 88900

70 11 44450

70 12 166180

70 13 89320

70 14 101010

70 15 56560

70 16 34720

70 17 66290

70 18 64470

70 19 44310

70 20 89390

70 21 277340

70 22 29190

70 23 11340

70 24 50050

70 25 105980

70 26 83230

70 27 32830

70 28 126000

70 29 85260

70 30 37030

70 31 90160

70 32 50120

70 33 18060

70 34 49000

70 35 25970

70 36 127260

70 37 91000

70 38 102550

70 39 112840

70 40 28560

70 41 71050

70 42 340480

70 43 59010

70 44 152950

70 45 16310

70 46 29260

70 47 93660

70 48 37450

70 49 87430

70 50 41020

70 51 17220

70 52 18410

70 53 94850

70 54 46550

70 55 25900

70 56 106400

70 57 240940

70 58 26460

70 59 36750

70 60 50470

70 61 56560

70 62 35840

70 63 32970

70 64 104020

70 65 35210

70 66 37520

70 67 82950

70 68 55160

70 69 21700

70 70 69020

70 71 146230

70 72 67480

70 73 9730

70 74 82950

70 75 38920

70 76 154980

70 77 14000

70 78 42840

70 79 36680

70 80 37170

70 81 59220

70 82 77000

70 83 54810

70 84 30100

70 85 9730

70 86 44660

70 87 40670

70 88 31430

70 89 36470

70 90 165480

70 91 93730

70 92 42000

70 93 103670

70 94 124460

70 95 75880

70 96 74690

70 97 40740

70 98 84630

70 99 214760

80 0 62400

80 1 89360

80 2 34400

80 3 83840

80 4 83440

80 5 40320

80 6 58160

80 7 93520

80 8 42320

80 9 52000

80 10 100320

80 11 76080

80 12 154160

80 13 154400

80 14 52960

80 15 52560

80 16 52560

80 17 240640

80 18 194560

80 19 125520

80 20 56400

80 21 219520

80 22 273520

80 23 71040

80 24 108160

80 25 125200

80 26 44720

80 27 89440

80 28 170400

80 29 77680

80 30 33360

80 31 216960

80 32 43520

80 33 71600

80 34 79120

80 35 131360

80 36 47840

80 37 109680

80 38 238960

80 39 68800

80 40 50000

80 41 235200

80 42 84720

80 43 309680

80 44 59920

80 45 74640

80 46 40400

80 47 66240

80 48 60480

80 49 134160

80 50 39600

80 51 52400

80 52 207520

80 53 86880

80 54 88800

80 55 361600

80 56 106160

80 57 51280

80 58 34160

80 59 54800

80 60 192880

80 61 431520

80 62 189600

80 63 87760

80 64 144240

80 65 50720

80 66 50000

80 67 129760

80 68 108480

80 69 144240

80 70 166800

80 71 80560

80 72 309520

80 73 376400

80 74 78240

80 75 214640

80 76 281200

80 77 249920

80 78 282160

80 79 122240

80 80 36720

80 81 114880

80 82 171920

80 83 155440

80 84 77200

80 85 79760

80 86 285440

80 87 123920

80 88 327200

80 89 280080

80 90 22000

80 91 35920

80 92 98160

80 93 104800

80 94 146400

80 95 257520

80 96 146880

80 97 193920

80 98 45920

80 99 54080

90 0 44550

90 1 378090

90 2 92070

90 3 242190

90 4 235890

90 5 243270

90 6 55350

90 7 42660

90 8 34110

90 9 211770

90 10 69840

90 11 316800

90 12 70470

90 13 328950

90 14 619740

90 15 134100

90 16 59940

90 17 123660

90 18 129960

90 19 80820

90 20 18180

90 21 118080

90 22 80640

90 23 87300

90 24 147870

90 25 463860

90 26 128070

90 27 206550

90 28 42930

90 29 100890

90 30 144810

90 31 41850

90 32 57870

90 33 188820

90 34 75060

90 35 106380

90 36 210240

90 37 154440

90 38 319140

90 39 60570

90 40 120420

90 41 46170

90 42 148770

90 43 339120

90 44 181350

90 45 149040

90 46 51840

90 47 228870

90 48 92430

90 49 144990

90 50 28080

90 51 29970

90 52 47160

90 53 161460

90 54 20880

90 55 170640

90 56 113130

90 57 190260

90 58 31230

90 59 381960

90 60 103860

90 61 79740

90 62 200430

90 63 41400

90 64 161550

90 65 71910

90 66 87390

90 67 155160

90 68 69930

90 69 100350

90 70 128970

90 71 94230

90 72 101250

90 73 193680

90 74 232020

90 75 141480

90 76 62550

90 77 97020

90 78 252000

90 79 61920

90 80 133920

90 81 142650

90 82 26820

90 83 178650

90 84 154170

90 85 127800

90 86 13860

90 87 87750

90 88 283680

90 89 95130

90 90 143640

90 91 103680

90 92 96120

90 93 117180

90 94 156240

90 95 169200

90 96 126720

90 97 263790

90 98 69660

90 99 194040

100 0 86100

100 1 69700

100 2 45500

100 3 64900

100 4 170500

100 5 57100

100 6 40600

100 7 120200

100 8 52000

100 9 132200

100 10 70300

100 11 176600

100 12 15000

100 13 174600

100 14 98500

100 15 61800

100 16 46700

100 17 53400

100 18 30900

100 19 135100

100 20 167100

100 21 143600

100 22 41800

100 23 167100

100 24 143000

100 25 116300

100 26 243600

100 27 181600

100 28 185500

100 29 159400

100 30 177400

100 31 50400

100 32 62800

100 33 246600

100 34 133600

100 35 58500

100 36 297500

100 37 82300

100 38 201800

100 39 200100

100 40 37400

100 41 95200

100 42 56700

100 43 141400

100 44 57400

100 45 51600

100 46 91900

100 47 134500

100 48 120300

100 49 608400

100 50 87800

100 51 54100

100 52 159500

100 53 177200

100 54 92700

100 55 193600

100 56 68300

100 57 148600

100 58 70400

100 59 32600

100 60 222000

100 61 105700

100 62 219000

100 63 142600

100 64 621500

100 65 56800

100 66 125500

100 67 78800

100 68 256100

100 69 247300

100 70 325200

100 71 80000

100 72 133800

100 73 45300

100 74 347500

100 75 64000

100 76 143900

100 77 382500

100 78 77500

100 79 136500

100 80 44400

100 81 179700

100 82 81200

100 83 74700

100 84 76200

100 85 205700

100 86 221000

100 87 23200

100 88 115400

100 89 132900

100 90 86100

100 91 92400

100 92 298000

100 93 214200

100 94 198000

100 95 590300

100 96 57100

100 97 44300

100 98 240800

100 99 51400

