10 0 75

10 1 118

10 2 561

10 3 206

10 4 18

10 5 668

10 6 33

10 7 48

10 8 676

10 9 698

10 10 119

10 11 105

10 12 380

10 13 898

10 14 308

10 15 344

10 16 362

10 17 782

10 18 312

10 19 372

10 20 91

10 21 427

10 22 35

10 23 76

10 24 340

10 25 183

10 26 231

10 27 68

10 28 108

10 29 64

10 30 357

10 31 729

10 32 316

10 33 203

10 34 406

10 35 368

10 36 26

10 37 398

10 38 133

10 39 49

10 40 591

10 41 136

10 42 1535

10 43 151

10 44 125

10 45 256

10 46 761

10 47 18

10 48 152

10 49 70

10 50 284

10 51 209

10 52 20

10 53 516

10 54 239

10 55 198

10 56 592

10 57 98

10 58 326

10 59 43

10 60 140

10 61 258

10 62 447

10 63 286

10 64 291

10 65 964

10 66 922

10 67 908

10 68 191

10 69 261

10 70 158

10 71 191

10 72 51

10 73 625

10 74 226

10 75 1006

10 76 241

10 77 366

10 78 36

10 79 33

10 80 126

10 81 316

10 82 264

10 83 366

10 84 55

10 85 614

10 86 638

10 87 201

10 88 101

10 89 373

10 90 176

10 91 394

10 92 57

10 93 136

10 94 203

10 95 254

10 96 664

10 97 832

10 98 177

10 99 528

20 0 477

20 1 680

20 2 1699

20 3 237

20 4 828

20 5 678

20 6 451

20 7 1708

20 8 2790

20 9 953

20 10 2734

20 11 1080

20 12 6327

20 13 586

20 14 2251

20 15 288

20 16 774

20 17 4184

20 18 1673

20 19 513

20 20 3861

20 21 440

20 22 979

20 23 731

20 24 1298

20 25 1489

20 26 885

20 27 668

20 28 1365

20 29 1730

20 30 1980

20 31 1150

20 32 406

20 33 1038

20 34 1099

20 35 1136

20 36 1219

20 37 505

20 38 2953

20 39 184

20 40 301

20 41 1095

20 42 1497

20 43 894

20 44 1418

20 45 1024

20 46 1816

20 47 977

20 48 1415

20 49 1326

20 50 896

20 51 2261

20 52 369

20 53 1890

20 54 129

20 55 2303

20 56 198

20 57 3379

20 58 1042

20 59 363

20 60 1176

20 61 1665

20 62 2165

20 63 2864

20 64 723

20 65 1478

20 66 872

20 67 1820

20 68 1680

20 69 469

20 70 2244

20 71 2471

20 72 952

20 73 976

20 74 928

20 75 2326

20 76 632

20 77 4859

20 78 439

20 79 2094

20 80 537

20 81 7363

20 82 2998

20 83 901

20 84 334

20 85 3467

20 86 1770

20 87 1305

20 88 933

20 89 2161

20 90 3605

20 91 745

20 92 1568

20 93 373

20 94 812

20 95 1716

20 96 1253

20 97 950

20 98 4195

20 99 2823

30 0 1854

30 1 2267

30 2 4782

30 3 3155

30 4 1675

30 5 4102

30 6 2046

30 7 3263

30 8 1955

30 9 3871

30 10 10475

30 11 5260

30 12 850

30 13 2726

30 14 3453

30 15 8305

30 16 2141

30 17 3084

30 18 688

30 19 9709

30 20 951

30 21 1889

30 22 1834

30 23 2502

30 24 3865

30 25 412

30 26 3357

30 27 2046

30 28 8824

30 29 6712

30 30 4831

30 31 1589

30 32 455

30 33 6662

30 34 3988

30 35 3625

30 36 2280

30 37 2787

30 38 4117

30 39 7989

30 40 1385

30 41 1753

30 42 2045

30 43 8235

30 44 5321

30 45 1976

30 46 4992

30 47 1535

30 48 2611

30 49 2244

30 50 7195

30 51 7105

30 52 2274

30 53 6068

30 54 484

30 55 2868

30 56 3565

30 57 1767

30 58 3481

30 59 3571

30 60 4748

30 61 4003

30 62 12460

30 63 6265

30 64 1629

30 65 4153

30 66 2210

30 67 2665

30 68 1023

30 69 3079

30 70 1846

30 71 4076

30 72 2541

30 73 3581

30 74 5171

30 75 2693

30 76 3230

30 77 5608

30 78 1388

30 79 887

30 80 4303

30 81 2511

30 82 488

30 83 1161

30 84 335

30 85 6345

30 86 3627

30 87 5813

30 88 891

30 89 2136

30 90 1855

30 91 5322

30 92 1619

30 93 1853

30 94 951

30 95 4429

30 96 2914

30 97 5643

30 98 3841

30 99 1744

40 0 2399

40 1 4308

40 2 697

40 3 5853

40 4 4315

40 5 4689

40 6 2747

40 7 1612

40 8 3567

40 9 8328

40 10 4682

40 11 4531

40 12 3722

40 13 450

40 14 4882

40 15 5362

40 16 2847

40 17 7858

40 18 4381

40 19 5834

40 20 18185

40 21 5177

40 22 1073

40 23 1746

40 24 3386

40 25 1781

40 26 4081

40 27 2091

40 28 4544

40 29 1224

40 30 8092

40 31 6748

40 32 2647

40 33 1485

40 34 2529

40 35 5093

40 36 2317

40 37 3775

40 38 6097

40 39 4456

40 40 2084

40 41 3520

40 42 11855

40 43 1708

40 44 2418

40 45 11170

40 46 2379

40 47 9945

40 48 6387

40 49 5036

40 50 1057

40 51 1550

40 52 3953

40 53 2158

40 54 8338

40 55 6359

40 56 2067

40 57 6941

40 58 5308

40 59 3182

40 60 13080

40 61 6063

40 62 2500

40 63 1089

40 64 7757

40 65 2626

40 66 3703

40 67 4133

40 68 5642

40 69 9828

40 70 3015

40 71 6319

40 72 6220

40 73 8245

40 74 3410

40 75 2716

40 76 3477

40 77 3282

40 78 1073

40 79 8551

40 80 9134

40 81 3383

40 82 2808

40 83 1694

40 84 10697

40 85 3802

40 86 910

40 87 5370

40 88 6816

40 89 1948

40 90 3944

40 91 8062

40 92 13409

40 93 13256

40 94 6120

40 95 6333

40 96 5775

40 97 3920

40 98 1592

40 99 6378

50 0 13907

50 1 2341

50 2 1762

50 3 2785

50 4 18868

50 5 4065

50 6 8154

50 7 2752

50 8 2554

50 9 5343

50 10 2290

50 11 4490

50 12 9061

50 13 4711

50 14 5602

50 15 3650

50 16 2359

50 17 7904

50 18 2654

50 19 1594

50 20 10866

50 21 7010

50 22 3479

50 23 6549

50 24 2325

50 25 3505

50 26 9139

50 27 4566

50 28 7143

50 29 3488

50 30 4071

50 31 6637

50 32 3650

50 33 1923

50 34 7079

50 35 3551

50 36 3421

50 37 2993

50 38 8076

50 39 16503

50 40 6733

50 41 10618

50 42 8978

50 43 3400

50 44 5683

50 45 2028

50 46 30859

50 47 8744

50 48 918

50 49 5209

50 50 7434

50 51 785

50 52 19033

50 53 4968

50 54 7516

50 55 8397

50 56 1278

50 57 21427

50 58 3988

50 59 3153

50 60 2523

50 61 7751

50 62 4220

50 63 11271

50 64 9318

50 65 6248

50 66 14978

50 67 5550

50 68 6430

50 69 3821

50 70 9582

50 71 9330

50 72 4472

50 73 3370

50 74 6101

50 75 8944

50 76 2491

50 77 15476

50 78 5217

50 79 4663

50 80 21178

50 81 2543

50 82 5441

50 83 5276

50 84 17596

50 85 4274

50 86 9328

50 87 10175

50 88 968

50 89 4195

50 90 3111

50 91 2107

50 92 11066

50 93 2936

50 94 8512

50 95 5702

50 96 2640

50 97 17794

50 98 2150

50 99 17268

60 0 8814

60 1 5479

60 2 13494

60 3 10967

60 4 24810

60 5 10617

60 6 48601

60 7 2179

60 8 12197

60 9 4471

60 10 14052

60 11 14542

60 12 11100

60 13 18052

60 14 20590

60 15 7050

60 16 13307

60 17 14173

60 18 6904

60 19 20778

60 20 13831

60 21 5525

60 22 3457

60 23 12601

60 24 14034

60 25 11357

60 26 5216

60 27 21273

60 28 5204

60 29 9930

60 30 4915

60 31 34649

60 32 26386

60 33 5884

60 34 12992

60 35 18618

60 36 20254

60 37 38966

60 38 14268

60 39 23832

60 40 17434

60 41 13478

60 42 7855

60 43 5243

60 44 10797

60 45 9984

60 46 11265

60 47 12895

60 48 13536

60 49 8186

60 50 6402

60 51 3759

60 52 20919

60 53 2901

60 54 13507

60 55 13523

60 56 24112

60 57 13460

60 58 13705

60 59 25597

60 60 11563

60 61 17687

60 62 26636

60 63 6071

60 64 8499

60 65 19318

60 66 9563

60 67 5229

60 68 9379

60 69 11236

60 70 10623

60 71 22872

60 72 9999

60 73 42027

60 74 29003

60 75 5455

60 76 11628

60 77 32181

60 78 15514

60 79 5900

60 80 15519

60 81 18095

60 82 3069

60 83 71095

60 84 9785

60 85 1464

60 86 3208

60 87 7846

60 88 13359

60 89 6375

60 90 731

60 91 7392

60 92 8130

60 93 8524

60 94 24520

60 95 8222

60 96 10810

60 97 12885

60 98 29214

60 99 5255

70 0 20331

70 1 5631

70 2 11316

70 3 7238

70 4 7255

70 5 17167

70 6 18334

70 7 16523

70 8 5779

70 9 39349

70 10 35098

70 11 34509

70 12 39397

70 13 6120

70 14 5722

70 15 5792

70 16 6855

70 17 5234

70 18 10848

70 19 18658

70 20 2677

70 21 6521

70 22 15260

70 23 10833

70 24 10565

70 25 7601

70 26 7158

70 27 10002

70 28 16754

70 29 8054

70 30 9683

70 31 6941

70 32 8739

70 33 11893

70 34 33100

70 35 3505

70 36 9427

70 37 4765

70 38 32822

70 39 6062

70 40 11714

70 41 9168

70 42 22583

70 43 12199

70 44 15646

70 45 8374

70 46 22144

70 47 10586

70 48 5227

70 49 15885

70 50 22521

70 51 9991

70 52 9505

70 53 13720

70 54 15255

70 55 7776

70 56 14172

70 57 8016

70 58 8671

70 59 9383

70 60 4485

70 61 19413

70 62 8691

70 63 26374

70 64 6238

70 65 4831

70 66 12499

70 67 11782

70 68 13987

70 69 44418

70 70 6779

70 71 9423

70 72 21989

70 73 58084

70 74 6567

70 75 5772

70 76 32579

70 77 11348

70 78 28270

70 79 6320

70 80 39731

70 81 10811

70 82 26875

70 83 9304

70 84 15353

70 85 8500

70 86 8269

70 87 5528

70 88 54898

70 89 1362

70 90 9446

70 91 19508

70 92 5392

70 93 14824

70 94 8371

70 95 7939

70 96 28531

70 97 16002

70 98 29463

70 99 6634

80 0 115232

80 1 43660

80 2 16616

80 3 12554

80 4 27718

80 5 16732

80 6 2883

80 7 36671

80 8 38376

80 9 17390

80 10 5882

80 11 26817

80 12 5068

80 13 13827

80 14 25190

80 15 52353

80 16 24991

80 17 39978

80 18 29427

80 19 27233

80 20 6946

80 21 35258

80 22 36569

80 23 18632

80 24 11377

80 25 39901

80 26 11496

80 27 28213

80 28 68646

80 29 25704

80 30 13331

80 31 7949

80 32 15784

80 33 47143

80 34 19170

80 35 56311

80 36 9518

80 37 14322

80 38 16610

80 39 60791

80 40 31775

80 41 27739

80 42 12271

80 43 11158

80 44 27976

80 45 13183

80 46 27320

80 47 35387

80 48 25850

80 49 6959

80 50 7278

80 51 36537

80 52 19000

80 53 19286

80 54 42721

80 55 30516

80 56 50904

80 57 12896

80 58 11964

80 59 8041

80 60 38022

80 61 21594

80 62 9368

80 63 56351

80 64 20922

80 65 8216

80 66 43061

80 67 14650

80 68 7894

80 69 16533

80 70 33879

80 71 13691

80 72 47011

80 73 9198

80 74 8091

80 75 9835

80 76 5806

80 77 12781

80 78 56133

80 79 28416

80 80 17023

80 81 10403

80 82 48727

80 83 24035

80 84 37110

80 85 4700

80 86 20665

80 87 22242

80 88 21189

80 89 38907

80 90 47050

80 91 6810

80 92 4022

80 93 5736

80 94 25838

80 95 15849

80 96 31812

80 97 15244

80 98 9616

80 99 9690

90 0 10367

90 1 19208

90 2 25091

90 3 9418

90 4 55357

90 5 10888

90 6 34883

90 7 43966

90 8 13564

90 9 18579

90 10 19834

90 11 18445

90 12 14785

90 13 19758

90 14 20351

90 15 32466

90 16 21848

90 17 12011

90 18 34203

90 19 16910

90 20 68992

90 21 39402

90 22 34355

90 23 34966

90 24 16317

90 25 9817

90 26 30463

90 27 18949

90 28 17677

90 29 19622

90 30 34697

90 31 29412

90 32 12877

90 33 6604

90 34 17726

90 35 13960

90 36 17047

90 37 35630

90 38 7401

90 39 32474

90 40 23156

90 41 32956

90 42 68183

90 43 82625

90 44 17339

90 45 5362

90 46 15331

90 47 49780

90 48 54376

90 49 46487

90 50 32908

90 51 41535

90 52 6328

90 53 16117

90 54 19211

90 55 24784

90 56 28089

90 57 78815

90 58 16648

90 59 49805

90 60 21339

90 61 40391

90 62 83444

90 63 2379

90 64 29905

90 65 51520

90 66 6911

90 67 5897

90 68 1996

90 69 17011

90 70 34047

90 71 47186

90 72 9869

90 73 34662

90 74 12689

90 75 19358

90 76 8643

90 77 16366

90 78 37517

90 79 23813

90 80 21834

90 81 31366

90 82 27254

90 83 15577

90 84 71293

90 85 33050

90 86 23459

90 87 54165

90 88 17627

90 89 16252

90 90 28707

90 91 8446

90 92 15068

90 93 98668

90 94 16430

90 95 12743

90 96 22912

90 97 18039

90 98 11772

90 99 19164

100 0 24737

100 1 48225

100 2 12525

100 3 7500

100 4 17945

100 5 5964

100 6 27605

100 7 33500

100 8 9707

100 9 40086

100 10 14776

100 11 14924

100 12 14481

100 13 66223

100 14 76751

100 15 11689

100 16 29768

100 17 67898

100 18 34869

100 19 11858

100 20 11313

100 21 16844

100 22 30344

100 23 46411

100 24 82102

100 25 7493

100 26 31023

100 27 14320

100 28 61335

100 29 17930

100 30 72302

100 31 28353

100 32 6712

100 33 65949

100 34 12467

100 35 19455

100 36 11879

100 37 17995

100 38 8251

100 39 7618

100 40 30772

100 41 38720

100 42 37587

100 43 41848

100 44 23622

100 45 7298

100 46 17377

100 47 37156

100 48 12507

100 49 49239

100 50 13548

100 51 11021

100 52 3004

100 53 29257

100 54 35156

100 55 55320

100 56 97753

100 57 11850

100 58 28530

100 59 14878

100 60 9470

100 61 5708

100 62 10588

100 63 40358

100 64 35638

100 65 61008

100 66 35498

100 67 34310

100 68 17881

100 69 10616

100 70 77450

100 71 29880

100 72 29074

100 73 32411

100 74 29794

100 75 55640

100 76 35029

100 77 67892

100 78 12584

100 79 32431

100 80 27068

100 81 44288

100 82 30529

100 83 7820

100 84 26784

100 85 7829

100 86 23511

100 87 33703

100 88 28041

100 89 11479

100 90 27242

100 91 19374

100 92 15236

100 93 116875

100 94 20084

100 95 29027

100 96 19607

100 97 63955

100 98 29355

100 99 7007

