10 0 3588

10 1 1041

10 2 187

10 3 883

10 4 491

10 5 288

10 6 384

10 7 1365

10 8 1442

10 9 191

10 10 1443

10 11 732

10 12 104

10 13 618

10 14 324

10 15 808

10 16 979

10 17 346

10 18 398

10 19 605

10 20 105

10 21 479

10 22 4750

10 23 752

10 24 209

10 25 1696

10 26 699

10 27 571

10 28 275

10 29 2942

10 30 261

10 31 932

10 32 565

10 33 405

10 34 657

10 35 1126

10 36 919

10 37 2148

10 38 1033

10 39 928

10 40 824

10 41 808

10 42 280

10 43 750

10 44 547

10 45 1131

10 46 2272

10 47 617

10 48 344

10 49 1317

10 50 915

10 51 563

10 52 567

10 53 2330

10 54 139

10 55 944

10 56 571

10 57 146

10 58 900

10 59 247

10 60 997

10 61 1145

10 62 432

10 63 2085

10 64 510

10 65 2779

10 66 543

10 67 300

10 68 1447

10 69 901

10 70 428

10 71 137

10 72 625

10 73 2181

10 74 953

10 75 251

10 76 970

10 77 456

10 78 588

10 79 948

10 80 765

10 81 2601

10 82 1128

10 83 556

10 84 221

10 85 627

10 86 52

10 87 335

10 88 1300

10 89 1924

10 90 1187

10 91 451

10 92 338

10 93 1843

10 94 2544

10 95 1674

10 96 2138

10 97 1408

10 98 593

10 99 765

20 0 2573

20 1 2963

20 2 5768

20 3 19092

20 4 6049

20 5 2375

20 6 1782

20 7 3874

20 8 3284

20 9 6489

20 10 2640

20 11 2390

20 12 2026

20 13 3093

20 14 5322

20 15 4458

20 16 2943

20 17 15796

20 18 11603

20 19 12921

20 20 1497

20 21 3885

20 22 2859

20 23 8767

20 24 21920

20 25 2998

20 26 20257

20 27 7493

20 28 8063

20 29 8492

20 30 2725

20 31 5570

20 32 6068

20 33 2731

20 34 5072

20 35 3146

20 36 2042

20 37 10509

20 38 5217

20 39 2203

20 40 4630

20 41 8019

20 42 21068

20 43 1698

20 44 4523

20 45 4635

20 46 12038

20 47 24340

20 48 15842

20 49 9446

20 50 8884

20 51 5675

20 52 1045

20 53 16143

20 54 4127

20 55 13161

20 56 21895

20 57 9999

20 58 1654

20 59 1024

20 60 8774

20 61 8262

20 62 3518

20 63 13490

20 64 2547

20 65 4290

20 66 18983

20 67 23817

20 68 3544

20 69 3575

20 70 10087

20 71 8199

20 72 4441

20 73 1905

20 74 18660

20 75 6330

20 76 2252

20 77 4387

20 78 12392

20 79 9818

20 80 24873

20 81 5492

20 82 3410

20 83 2064

20 84 5923

20 85 2292

20 86 4272

20 87 6482

20 88 22899

20 89 4512

20 90 3068

20 91 15182

20 92 3841

20 93 4348

20 94 11620

20 95 5927

20 96 6315

20 97 5291

20 98 2855

20 99 3594

30 0 8748

30 1 9436

30 2 7964

30 3 5888

30 4 7343

30 5 20754

30 6 10548

30 7 2541

30 8 16402

30 9 21724

30 10 7948

30 11 9384

30 12 8634

30 13 4774

30 14 1601

30 15 20041

30 16 2751

30 17 3716

30 18 5052

30 19 16989

30 20 8496

30 21 9336

30 22 7157

30 23 16489

30 24 3998

30 25 20555

30 26 5363

30 27 4125

30 28 7767

30 29 4858

30 30 4085

30 31 15847

30 32 5199

30 33 12152

30 34 14199

30 35 9726

30 36 13834

30 37 20483

30 38 12056

30 39 3246

30 40 4683

30 41 1227

30 42 13135

30 43 13183

30 44 5388

30 45 8765

30 46 5635

30 47 17320

30 48 4449

30 49 16323

30 50 6966

30 51 8372

30 52 13728

30 53 7955

30 54 13407

30 55 939

30 56 28578

30 57 11102

30 58 12543

30 59 14105

30 60 1593

30 61 19001

30 62 6484

30 63 16650

30 64 2994

30 65 11952

30 66 18583

30 67 17824

30 68 7938

30 69 19316

30 70 31134

30 71 39455

30 72 6389

30 73 19958

30 74 5586

30 75 9056

30 76 4189

30 77 18816

30 78 4297

30 79 2011

30 80 12920

30 81 19561

30 82 16035

30 83 1687

30 84 35545

30 85 6859

30 86 6559

30 87 9989

30 88 4564

30 89 18573

30 90 14269

30 91 9325

30 92 8397

30 93 5954

30 94 11088

30 95 5915

30 96 3429

30 97 2381

30 98 29105

30 99 10706

40 0 59646

40 1 12732

40 2 9353

40 3 60910

40 4 18726

40 5 9095

40 6 16459

40 7 110830

40 8 31113

40 9 12225

40 10 13818

40 11 44884

40 12 77854

40 13 24091

40 14 23371

40 15 117102

40 16 31206

40 17 4414

40 18 20899

40 19 29658

40 20 39483

40 21 25872

40 22 41893

40 23 24840

40 24 24225

40 25 20713

40 26 14344

40 27 23323

40 28 10472

40 29 12653

40 30 9326

40 31 109336

40 32 4926

40 33 4852

40 34 25777

40 35 4472

40 36 17938

40 37 3219

40 38 28017

40 39 9608

40 40 24380

40 41 17181

40 42 15805

40 43 21058

40 44 25329

40 45 10037

40 46 11097

40 47 25452

40 48 10902

40 49 20009

40 50 61163

40 51 76427

40 52 13079

40 53 9753

40 54 12486

40 55 8324

40 56 6896

40 57 35959

40 58 14992

40 59 13718

40 60 21905

40 61 11367

40 62 14072

40 63 17337

40 64 19999

40 65 16141

40 66 32124

40 67 25026

40 68 10942

40 69 9438

40 70 41729

40 71 75766

40 72 10063

40 73 53720

40 74 12706

40 75 44112

40 76 42541

40 77 14473

40 78 14427

40 79 15302

40 80 14281

40 81 19466

40 82 26628

40 83 10075

40 84 35918

40 85 15726

40 86 26169

40 87 17567

40 88 7699

40 89 18449

40 90 18765

40 91 7477

40 92 17238

40 93 71242

40 94 21263

40 95 4448

40 96 34599

40 97 23266

40 98 21589

40 99 54643

50 0 37765

50 1 91493

50 2 37014

50 3 68997

50 4 34322

50 5 19826

50 6 102132

50 7 129956

50 8 11464

50 9 23695

50 10 17750

50 11 69955

50 12 59561

50 13 17099

50 14 32829

50 15 32290

50 16 49914

50 17 41464

50 18 26292

50 19 42988

50 20 45363

50 21 48660

50 22 41759

50 23 81326

50 24 20299

50 25 34433

50 26 31171

50 27 39792

50 28 141641

50 29 30729

50 30 42348

50 31 51628

50 32 34627

50 33 37802

50 34 36898

50 35 58789

50 36 120810

50 37 30693

50 38 99610

50 39 34637

50 40 29834

50 41 12195

50 42 107935

50 43 35139

50 44 129611

50 45 20927

50 46 53396

50 47 29855

50 48 34289

50 49 99056

50 50 14703

50 51 43347

50 52 16184

50 53 27867

50 54 43556

50 55 14384

50 56 19143

50 57 26651

50 58 29472

50 59 78239

50 60 233900

50 61 21481

50 62 70537

50 63 170597

50 64 25988

50 65 67244

50 66 24444

50 67 23542

50 68 27367

50 69 38771

50 70 70308

50 71 48263

50 72 17855

50 73 64017

50 74 122020

50 75 71130

50 76 49843

50 77 27004

50 78 46464

50 79 56589

50 80 30554

50 81 30000

50 82 168536

50 83 16354

50 84 82789

50 85 36188

50 86 13740

50 87 10672

50 88 28075

50 89 65930

50 90 27546

50 91 46935

50 92 16924

50 93 30913

50 94 24507

50 95 32478

50 96 10324

50 97 129053

50 98 9337

50 99 22069

60 0 12208

60 1 13528

60 2 21849

60 3 100189

60 4 69369

60 5 43591

60 6 15934

60 7 52701

60 8 30557

60 9 59938

60 10 22345

60 11 80298

60 12 61166

60 13 86113

60 14 43404

60 15 16576

60 16 28099

60 17 10744

60 18 39027

60 19 63081

60 20 26233

60 21 80574

60 22 54201

60 23 108107

60 24 60352

60 25 33133

60 26 79458

60 27 50211

60 28 19960

60 29 26577

60 30 84606

60 31 56108

60 32 11939

60 33 35372

60 34 27904

60 35 29685

60 36 20504

60 37 17844

60 38 42368

60 39 14567

60 40 21681

60 41 26273

60 42 17991

60 43 48040

60 44 51311

60 45 20503

60 46 19153

60 47 46831

60 48 59173

60 49 11253

60 50 33716

60 51 10643

60 52 81068

60 53 23503

60 54 24078

60 55 9784

60 56 130069

60 57 48133

60 58 66452

60 59 18443

60 60 54926

60 61 14966

60 62 35244

60 63 98454

60 64 115095

60 65 4610

60 66 46864

60 67 97897

60 68 53199

60 69 41279

60 70 31314

60 71 80383

60 72 77513

60 73 49328

60 74 22870

60 75 67936

60 76 24470

60 77 11119

60 78 42082

60 79 22319

60 80 39261

60 81 43721

60 82 88627

60 83 41380

60 84 53716

60 85 79864

60 86 24920

60 87 13692

60 88 30291

60 89 62634

60 90 71515

60 91 89218

60 92 36253

60 93 29078

60 94 48151

60 95 146718

60 96 27488

60 97 55753

60 98 17706

60 99 118587

70 0 76922

70 1 139414

70 2 50871

70 3 96098

70 4 58149

70 5 48054

70 6 64020

70 7 109769

70 8 31681

70 9 91103

70 10 112360

70 11 103493

70 12 152392

70 13 103235

70 14 221697

70 15 28610

70 16 23900

70 17 86194

70 18 19857

70 19 238200

70 20 37527

70 21 72845

70 22 40911

70 23 207262

70 24 74488

70 25 66555

70 26 39127

70 27 80973

70 28 14381

70 29 186333

70 30 105856

70 31 83227

70 32 217529

70 33 14211

70 34 74369

70 35 82427

70 36 18232

70 37 34539

70 38 73813

70 39 74487

70 40 66158

70 41 226102

70 42 88050

70 43 28327

70 44 64628

70 45 138234

70 46 40870

70 47 82932

70 48 70481

70 49 63510

70 50 64860

70 51 47370

70 52 42283

70 53 144414

70 54 154643

70 55 27232

70 56 60506

70 57 45337

70 58 85755

70 59 34575

70 60 52420

70 61 58551

70 62 80518

70 63 34600

70 64 84275

70 65 63205

70 66 34553

70 67 76064

70 68 151114

70 69 27235

70 70 156697

70 71 51750

70 72 79738

70 73 60229

70 74 33769

70 75 59547

70 76 75707

70 77 218543

70 78 85504

70 79 203539

70 80 99324

70 81 112534

70 82 109478

70 83 33264

70 84 51745

70 85 16791

70 86 44850

70 87 29567

70 88 88477

70 89 171293

70 90 124713

70 91 42014

70 92 32425

70 93 101047

70 94 43782

70 95 22221

70 96 39005

70 97 35631

70 98 142092

70 99 63813

80 0 32271

80 1 25793

80 2 127094

80 3 163618

80 4 110839

80 5 118791

80 6 224130

80 7 215499

80 8 48188

80 9 35409

80 10 95601

80 11 104413

80 12 117758

80 13 124388

80 14 186627

80 15 50151

80 16 87806

80 17 232965

80 18 93239

80 19 99569

80 20 60267

80 21 310938

80 22 105292

80 23 87399

80 24 101552

80 25 130073

80 26 48637

80 27 217405

80 28 69670

80 29 87120

80 30 163869

80 31 77213

80 32 60473

80 33 160937

80 34 108668

80 35 82042

80 36 22599

80 37 52675

80 38 54685

80 39 235985

80 40 155937

80 41 59523

80 42 49446

80 43 136668

80 44 44108

80 45 43151

80 46 54854

80 47 64650

80 48 33865

80 49 219943

80 50 259416

80 51 105990

80 52 175549

80 53 43379

80 54 491163

80 55 170683

80 56 95661

80 57 130807

80 58 118761

80 59 180564

80 60 137000

80 61 175274

80 62 63239

80 63 208779

80 64 76172

80 65 186735

80 66 113023

80 67 134984

80 68 295196

80 69 42385

80 70 42702

80 71 144162

80 72 148607

80 73 77615

80 74 432034

80 75 120020

80 76 156842

80 77 78416

80 78 53474

80 79 88026

80 80 128004

80 81 262697

80 82 124387

80 83 105824

80 84 54350

80 85 49425

80 86 125283

80 87 290526

80 88 291139

80 89 109767

80 90 161329

80 91 35691

80 92 124178

80 93 39639

80 94 173945

80 95 75862

80 96 99339

80 97 51748

80 98 29483

80 99 89254

90 0 213681

90 1 45824

90 2 118349

90 3 75269

90 4 95792

90 5 174755

90 6 210106

90 7 176779

90 8 188278

90 9 94445

90 10 74857

90 11 70845

90 12 143984

90 13 129303

90 14 64872

90 15 50410

90 16 268692

90 17 213178

90 18 50161

90 19 51982

90 20 213982

90 21 186349

90 22 222802

90 23 424044

90 24 113318

90 25 190658

90 26 220294

90 27 218282

90 28 189696

90 29 737700

90 30 207114

90 31 108505

90 32 190650

90 33 54122

90 34 86358

90 35 598118

90 36 57646

90 37 125106

90 38 207142

90 39 149108

90 40 368513

90 41 88015

90 42 152266

90 43 176352

90 44 69873

90 45 243758

90 46 158414

90 47 127441

90 48 153133

90 49 100454

90 50 103589

90 51 41811

90 52 223007

90 53 147558

90 54 171070

90 55 170801

90 56 325854

90 57 34701

90 58 249927

90 59 88335

90 60 70337

90 61 34009

90 62 126792

90 63 211016

90 64 126002

90 65 67162

90 66 19911

90 67 341151

90 68 78929

90 69 88190

90 70 75701

90 71 204945

90 72 212894

90 73 184376

90 74 168849

90 75 253889

90 76 170882

90 77 132209

90 78 376769

90 79 151157

90 80 167088

90 81 554685

90 82 225894

90 83 144977

90 84 96007

90 85 128337

90 86 85668

90 87 231145

90 88 115103

90 89 109741

90 90 79815

90 91 27030

90 92 182377

90 93 340624

90 94 69697

90 95 80954

90 96 22655

90 97 216257

90 98 214855

90 99 175548

100 0 179788

100 1 208333

100 2 654223

100 3 101325

100 4 298812

100 5 92565

100 6 135002

100 7 571738

100 8 213559

100 9 95489

100 10 72060

100 11 172021

100 12 109490

100 13 126849

100 14 272547

100 15 102757

100 16 106193

100 17 174319

100 18 101321

100 19 383377

100 20 455962

100 21 500339

100 22 119646

100 23 133378

100 24 449917

100 25 117010

100 26 237106

100 27 391212

100 28 112731

100 29 118784

100 30 477303

100 31 289367

100 32 503884

100 33 191903

100 34 126567

100 35 376839

100 36 101037

100 37 73754

100 38 265725

100 39 1399318

100 40 64146

100 41 187805

100 42 302528

100 43 88177

100 44 243370

100 45 118590

100 46 118068

100 47 52601

100 48 306764

100 49 946101

100 50 760716

100 51 135575

100 52 108622

100 53 54394

100 54 173741

100 55 89371

100 56 326247

100 57 292012

100 58 337899

100 59 82871

100 60 45279

100 61 63252

100 62 305268

100 63 347301

100 64 146130

100 65 223120

100 66 192074

100 67 233579

100 68 381029

100 69 587348

100 70 343124

100 71 587083

100 72 482853

100 73 183137

100 74 106928

100 75 83334

100 76 150798

100 77 385600

100 78 124714

100 79 155911

100 80 129591

100 81 330623

100 82 212607

100 83 472372

100 84 244778

100 85 220624

100 86 83087

100 87 97562

100 88 350356

100 89 86081

100 90 130262

100 91 45229

100 92 316113

100 93 229836

100 94 321264

100 95 92934

100 96 268488

100 97 210313

100 98 150922

100 99 47185

