10 0 350

10 1 240

10 2 350

10 3 110

10 4 100

10 5 230

10 6 250

10 7 900

10 8 150

10 9 150

10 10 420

10 11 120

10 12 170

10 13 340

10 14 350

10 15 140

10 16 260

10 17 320

10 18 350

10 19 660

10 20 140

10 21 40

10 22 130

10 23 450

10 24 130

10 25 370

10 26 380

10 27 280

10 28 70

10 29 150

10 30 250

10 31 360

10 32 170

10 33 80

10 34 110

10 35 100

10 36 320

10 37 30

10 38 400

10 39 630

10 40 80

10 41 100

10 42 190

10 43 200

10 44 160

10 45 100

10 46 570

10 47 150

10 48 250

10 49 120

10 50 760

10 51 110

10 52 110

10 53 170

10 54 380

10 55 410

10 56 280

10 57 290

10 58 0

10 59 150

10 60 90

10 61 210

10 62 220

10 63 390

10 64 170

10 65 140

10 66 260

10 67 230

10 68 120

10 69 230

10 70 170

10 71 160

10 72 710

10 73 40

10 74 100

10 75 70

10 76 230

10 77 140

10 78 130

10 79 100

10 80 70

10 81 80

10 82 110

10 83 160

10 84 320

10 85 100

10 86 20

10 87 300

10 88 540

10 89 50

10 90 200

10 91 110

10 92 200

10 93 160

10 94 260

10 95 160

10 96 380

10 97 150

10 98 150

10 99 50

20 0 1860

20 1 780

20 2 980

20 3 1120

20 4 3360

20 5 2180

20 6 1080

20 7 960

20 8 2900

20 9 1180

20 10 2700

20 11 2360

20 12 1140

20 13 2240

20 14 880

20 15 1320

20 16 920

20 17 1160

20 18 1580

20 19 1020

20 20 1760

20 21 2040

20 22 2140

20 23 1380

20 24 1600

20 25 1040

20 26 4760

20 27 1140

20 28 1160

20 29 680

20 30 2460

20 31 1000

20 32 1640

20 33 1980

20 34 2200

20 35 1900

20 36 3600

20 37 660

20 38 1340

20 39 2300

20 40 1300

20 41 980

20 42 1420

20 43 400

20 44 2540

20 45 620

20 46 240

20 47 1380

20 48 1100

20 49 1700

20 50 1900

20 51 2520

20 52 1140

20 53 920

20 54 1240

20 55 1360

20 56 1340

20 57 1340

20 58 3440

20 59 1220

20 60 800

20 61 500

20 62 1500

20 63 600

20 64 3120

20 65 2500

20 66 1280

20 67 1000

20 68 3760

20 69 1320

20 70 2540

20 71 2400

20 72 3860

20 73 2080

20 74 1380

20 75 1560

20 76 1500

20 77 1780

20 78 3260

20 79 880

20 80 1040

20 81 1320

20 82 1220

20 83 2060

20 84 1700

20 85 640

20 86 1860

20 87 1140

20 88 1220

20 89 860

20 90 1220

20 91 2380

20 92 1300

20 93 700

20 94 3840

20 95 2360

20 96 1000

20 97 1260

20 98 1520

20 99 1240

30 0 33150

30 1 72570

30 2 59640

30 3 84900

30 4 34770

30 5 34530

30 6 36390

30 7 34350

30 8 48270

30 9 25080

30 10 14940

30 11 14760

30 12 20940

30 13 29460

30 14 39180

30 15 13380

30 16 23580

30 17 35760

30 18 78690

30 19 37050

30 20 38790

30 21 62250

30 22 30060

30 23 46140

30 24 43020

30 25 48180

30 26 30000

30 27 42840

30 28 44100

30 29 76410

30 30 47850

30 31 26700

30 32 32520

30 33 59130

30 34 25950

30 35 41250

30 36 111480

30 37 90540

30 38 31110

30 39 31770

30 40 39570

30 41 73800

30 42 21150

30 43 25170

30 44 120810

30 45 82800

30 46 36660

30 47 26940

30 48 22260

30 49 22530

30 50 9900

30 51 31140

30 52 66660

30 53 39990

30 54 22560

30 55 29430

30 56 16950

30 57 8640

30 58 43830

30 59 95340

30 60 30210

30 61 14010

30 62 29790

30 63 79020

30 64 32280

30 65 24840

30 66 39870

30 67 26040

30 68 81750

30 69 21570

30 70 19080

30 71 30540

30 72 17100

30 73 68880

30 74 14970

30 75 82140

30 76 55200

30 77 39120

30 78 272160

30 79 38250

30 80 59760

30 81 44880

30 82 64920

30 83 30930

30 84 30300

30 85 36750

30 86 16470

30 87 69480

30 88 10110

30 89 23430

30 90 80880

30 91 20010

30 92 52140

30 93 12660

30 94 19350

30 95 68670

30 96 37470

30 97 16950

30 98 13230

30 99 71250

40 0 44160

40 1 69880

40 2 326120

40 3 183200

40 4 52440

40 5 40680

40 6 50360

40 7 56680

40 8 345600

40 9 267520

40 10 220000

40 11 122240

40 12 246760

40 13 103320

40 14 115840

40 15 59360

40 16 134680

40 17 123600

40 18 192000

40 19 50400

40 20 37120

40 21 35080

40 22 114080

40 23 225520

40 24 45840

40 25 146560

40 26 126560

40 27 94320

40 28 108560

40 29 22200

40 30 240600

40 31 40840

40 32 86960

40 33 241560

40 34 168600

40 35 90840

40 36 191440

40 37 94560

40 38 408320

40 39 155520

40 40 129880

40 41 73320

40 42 26360

40 43 62520

40 44 53840

40 45 84360

40 46 82120

40 47 216240

40 48 46440

40 49 100320

40 50 321880

40 51 69760

40 52 222120

40 53 98160

40 54 77480

40 55 126000

40 56 22400

40 57 123000

40 58 45040

40 59 162320

40 60 70000

40 61 76160

40 62 44400

40 63 191440

40 64 159640

40 65 72080

40 66 267040

40 67 29280

40 68 194440

40 69 261680

40 70 117920

40 71 143840

40 72 158680

40 73 39800

40 74 129400

40 75 204680

40 76 37520

40 77 175840

40 78 312920

40 79 78240

40 80 32880

40 81 126240

40 82 53080

40 83 197920

40 84 45680

40 85 147520

40 86 71760

40 87 251320

40 88 60680

40 89 51360

40 90 159320

40 91 51800

40 92 79400

40 93 48200

40 94 21160

40 95 34360

40 96 127920

40 97 32200

40 98 184160

40 99 119120

50 0 173000

50 1 314800

50 2 60450

50 3 137150

50 4 132050

50 5 175550

50 6 410300

50 7 264400

50 8 160350

50 9 182200

50 10 155550

50 11 235150

50 12 127200

50 13 211450

50 14 65300

50 15 71900

50 16 202900

50 17 331600

50 18 300300

50 19 334550

50 20 238600

50 21 826450

50 22 64800

50 23 163700

50 24 209550

50 25 118850

50 26 89650

50 27 963100

50 28 231700

50 29 279350

50 30 62850

50 31 75750

50 32 290950

50 33 163300

50 34 451800

50 35 122550

50 36 300400

50 37 310950

50 38 359050

50 39 132250

50 40 333900

50 41 103750

50 42 392950

50 43 164100

50 44 332350

50 45 130550

50 46 637850

50 47 442000

50 48 256200

50 49 63700

50 50 364600

50 51 148800

50 52 120100

50 53 300250

50 54 483750

50 55 361250

50 56 240250

50 57 102700

50 58 83850

50 59 111900

50 60 246700

50 61 54350

50 62 685100

50 63 54300

50 64 421550

50 65 265300

50 66 231950

50 67 91950

50 68 397750

50 69 375400

50 70 89250

50 71 495350

50 72 79050

50 73 397750

50 74 271050

50 75 153700

50 76 399200

50 77 136450

50 78 638750

50 79 492800

50 80 54800

50 81 60600

50 82 217950

50 83 164900

50 84 129600

50 85 166800

50 86 116250

50 87 195300

50 88 1037200

50 89 161650

50 90 94050

50 91 18800

50 92 35450

50 93 78800

50 94 77200

50 95 204500

50 96 112400

50 97 61050

50 98 129200

50 99 132800

60 0 207660

60 1 224760

60 2 437460

60 3 55380

60 4 146760

60 5 105720

60 6 202860

60 7 77400

60 8 316920

60 9 362100

60 10 269880

60 11 86520

60 12 391320

60 13 451320

60 14 889560

60 15 67980

60 16 243060

60 17 157200

60 18 49620

60 19 67560

60 20 481680

60 21 217320

60 22 315540

60 23 91080

60 24 199200

60 25 42840

60 26 100260

60 27 480060

60 28 44520

60 29 405600

60 30 155220

60 31 51300

60 32 581520

60 33 164460

60 34 88680

60 35 138960

60 36 261120

60 37 446880

60 38 1336920

60 39 74820

60 40 133440

60 41 91860

60 42 181080

60 43 74160

60 44 249960

60 45 196080

60 46 96360

60 47 182160

60 48 147060

60 49 118320

60 50 488520

60 51 450720

60 52 200880

60 53 301140

60 54 76260

60 55 114600

60 56 164280

60 57 116040

60 58 108960

60 59 60660

60 60 271200

60 61 602880

60 62 471540

60 63 225060

60 64 259500

60 65 190140

60 66 601560

60 67 195780

60 68 202860

60 69 515400

60 70 240720

60 71 121800

60 72 61440

60 73 229020

60 74 220260

60 75 369180

60 76 370860

60 77 50280

60 78 221400

60 79 139440

60 80 42360

60 81 81360

60 82 46680

60 83 277200

60 84 243240

60 85 180480

60 86 170700

60 87 90360

60 88 268260

60 89 361800

60 90 277260

60 91 341940

60 92 495540

60 93 102240

60 94 219540

60 95 82800

60 96 279420

60 97 217200

60 98 319140

60 99 232200

70 0 212030

70 1 397250

70 2 502110

70 3 138810

70 4 842170

70 5 317660

70 6 211330

70 7 212030

70 8 667660

70 9 238000

70 10 609490

70 11 218470

70 12 172200

70 13 59500

70 14 467950

70 15 281260

70 16 251440

70 17 291410

70 18 58590

70 19 511630

70 20 372120

70 21 468090

70 22 188720

70 23 154140

70 24 655200

70 25 99820

70 26 152320

70 27 435680

70 28 270060

70 29 111230

70 30 528290

70 31 224140

70 32 489300

70 33 205870

70 34 348880

70 35 552020

70 36 1152480

70 37 129360

70 38 66150

70 39 1252930

70 40 635180

70 41 197400

70 42 93870

70 43 166950

70 44 559020

70 45 874440

70 46 187320

70 47 521500

70 48 574490

70 49 1188740

70 50 379540

70 51 1386140

70 52 457380

70 53 1102640

70 54 106120

70 55 384930

70 56 484260

70 57 89320

70 58 519960

70 59 364420

70 60 346710

70 61 580650

70 62 472500

70 63 420490

70 64 848820

70 65 359520

70 66 248360

70 67 147980

70 68 119140

70 69 1225280

70 70 333830

70 71 99890

70 72 278810

70 73 300090

70 74 290150

70 75 153370

70 76 464380

70 77 890890

70 78 261450

70 79 76930

70 80 411250

70 81 110110

70 82 154770

70 83 223090

70 84 386330

70 85 828590

70 86 614250

70 87 282940

70 88 567980

70 89 466760

70 90 428820

70 91 1465730

70 92 143360

70 93 500920

70 94 249480

70 95 531370

70 96 849660

70 97 179480

70 98 484610

70 99 607810

80 0 1521360

80 1 218640

80 2 379600

80 3 889200

80 4 763040

80 5 362560

80 6 1435440

80 7 509920

80 8 99520

80 9 1080320

80 10 202720

80 11 961440

80 12 430960

80 13 296480

80 14 376720

80 15 283440

80 16 313760

80 17 1351600

80 18 353760

80 19 1007040

80 20 324000

80 21 672080

80 22 349920

80 23 275760

80 24 191920

80 25 714800

80 26 1080000

80 27 528880

80 28 538320

80 29 658720

80 30 311360

80 31 717600

80 32 185280

80 33 360240

80 34 486240

80 35 376560

80 36 215280

80 37 155200

80 38 115840

80 39 940880

80 40 219520

80 41 846800

80 42 1537360

80 43 630080

80 44 260240

80 45 685360

80 46 233440

80 47 562640

80 48 693680

80 49 280080

80 50 243760

80 51 731280

80 52 351760

80 53 430400

80 54 208400

80 55 869840

80 56 481120

80 57 217520

80 58 488720

80 59 374320

80 60 458560

80 61 356880

80 62 222320

80 63 119440

80 64 676880

80 65 830400

80 66 446320

80 67 645840

80 68 1013520

80 69 615920

80 70 798240

80 71 141200

80 72 190320

80 73 666080

80 74 271040

80 75 381280

80 76 294400

80 77 407760

80 78 301440

80 79 775360

80 80 1069200

80 81 398320

80 82 465040

80 83 1047280

80 84 238480

80 85 237760

80 86 278000

80 87 418640

80 88 1251520

80 89 91360

80 90 87120

80 91 488800

80 92 588720

80 93 172640

80 94 487680

80 95 195840

80 96 96400

80 97 664560

80 98 1644400

80 99 239280

90 0 387810

90 1 293490

90 2 839790

90 3 557820

90 4 862920

90 5 251730

90 6 309420

90 7 935280

90 8 1282320

90 9 447660

90 10 1516590

90 11 788130

90 12 209700

90 13 1054350

90 14 1605690

90 15 1047150

90 16 1381230

90 17 843480

90 18 828270

90 19 267660

90 20 377370

90 21 2441790

90 22 266670

90 23 765990

90 24 411030

90 25 247140

90 26 505170

90 27 314100

90 28 1311480

90 29 754020

90 30 3195990

90 31 171990

90 32 1579590

90 33 646920

90 34 439830

90 35 2171340

90 36 982890

90 37 798300

90 38 1324530

90 39 489510

90 40 230220

90 41 535410

90 42 458550

90 43 738000

90 44 1715040

90 45 550530

90 46 446310

90 47 245880

90 48 481950

90 49 1341270

90 50 726300

90 51 1204920

90 52 379800

90 53 493560

90 54 1196730

90 55 392040

90 56 1162800

90 57 283680

90 58 963360

90 59 333360

90 60 430110

90 61 368910

90 62 864630

90 63 149490

90 64 110340

90 65 1837890

90 66 282420

90 67 976320

90 68 385200

90 69 1152090

90 70 1680210

90 71 1493280

90 72 480690

90 73 1004400

90 74 2088720

90 75 987750

90 76 1131030

90 77 500310

90 78 569790

90 79 829530

90 80 1498050

90 81 521550

90 82 261900

90 83 797490

90 84 540000

90 85 1958580

90 86 222840

90 87 1085310

90 88 2668050

90 89 834300

90 90 525960

90 91 457560

90 92 646830

90 93 1959300

90 94 454320

90 95 406620

90 96 454860

90 97 672030

90 98 845370

90 99 207000

100 0 2705500

100 1 590400

100 2 402600

100 3 802800

100 4 1032600

100 5 1314000

100 6 1494100

100 7 1164100

100 8 310100

100 9 2631200

100 10 484100

100 11 322600

100 12 3077300

100 13 649100

100 14 559800

100 15 1152200

100 16 1126800

100 17 429900

100 18 1204700

100 19 1963600

100 20 1494700

100 21 2348500

100 22 517800

100 23 515400

100 24 1432400

100 25 836800

100 26 302100

100 27 867300

100 28 1143400

100 29 421700

100 30 2322400

100 31 1679500

100 32 3351900

100 33 252000

100 34 608200

100 35 771600

100 36 1004100

100 37 685400

100 38 421600

100 39 704600

100 40 1539400

100 41 613000

100 42 1598500

100 43 543700

100 44 549800

100 45 421700

100 46 493300

100 47 1071500

100 48 1547100

100 49 1615700

100 50 1214500

100 51 222300

100 52 759100

100 53 1773200

100 54 737900

100 55 441500

100 56 448100

100 57 1773500

100 58 3065000

100 59 796200

100 60 741300

100 61 1646400

100 62 804500

100 63 442400

100 64 585100

100 65 808300

100 66 377100

100 67 790900

100 68 179400

100 69 1337900

100 70 1001000

100 71 1198500

100 72 208000

100 73 907300

100 74 870400

100 75 1768600

100 76 336400

100 77 389300

100 78 940800

100 79 331800

100 80 294700

100 81 623200

100 82 348400

100 83 385900

100 84 761000

100 85 1299000

100 86 715400

100 87 1624300

100 88 973500

100 89 476200

100 90 785300

100 91 252200

100 92 2483700

100 93 767800

100 94 2479200

100 95 1375500

100 96 533700

100 97 777600

100 98 2160300

100 99 394500

